dihedral 22 21 23 25 200 5.067253112792969
dihedral 36 35 37 39 200 -5.634586334228516
dihedral 43 42 44 46 200 7.394516468048096
dihedral 65 64 66 68 200 3.0854170322418213
dihedral 86 85 87 89 200 -3.151918649673462
dihedral 110 109 111 113 200 11.947490692138672
dihedral 125 124 126 128 200 4.748574733734131
dihedral 137 136 138 140 200 -0.43466782569885254
dihedral 157 156 158 160 200 2.6633434295654297
dihedral 172 171 173 175 200 0.913023829460144
dihedral 191 190 192 194 200 -2.6703147888183594
dihedral 206 205 207 209 200 0.7471678853034973
dihedral 222 221 223 225 200 -1.1865992546081543
dihedral 239 238 240 242 200 -3.7711899280548096
dihedral 253 252 254 256 200 0.8797234892845154
dihedral 274 273 275 277 200 -6.45180606842041
dihedral 285 284 286 288 200 -6.412735462188721
dihedral 304 303 305 307 200 1.7159998416900635
dihedral 319 318 320 322 200 4.022228717803955
dihedral 334 333 335 337 200 7.535955429077148
dihedral 354 353 355 357 200 -4.726765155792236
dihedral 378 377 379 381 200 -3.2051167488098145
dihedral 393 392 394 396 200 3.508434772491455
dihedral 413 412 414 416 200 0.33006563782691956
dihedral 435 434 436 438 200 0.17062510550022125
dihedral 449 448 450 452 200 2.2062928676605225
dihedral 463 462 464 466 200 -0.3907370865345001
dihedral 475 474 476 478 200 1.3140751123428345
dihedral 491 490 492 494 200 2.413975954055786
dihedral 506 505 507 509 200 0.9138553738594055
dihedral 517 516 518 520 200 6.894537925720215
dihedral 533 532 534 536 200 2.5632429122924805
dihedral 552 551 553 557 200 -0.015215735882520676
dihedral 566 565 567 569 200 1.8027868270874023
dihedral 586 585 587 589 200 -2.194237232208252
dihedral 610 609 611 613 200 3.7601757049560547
dihedral 622 621 623 625 200 -7.573231220245361
dihedral 633 632 634 636 200 0.7440310716629028
dihedral 644 643 645 647 200 -2.2371084690093994
dihedral 658 657 659 663 200 -0.22533708810806274
dihedral 672 671 673 675 200 5.488388538360596
dihedral 686 685 687 689 200 -5.0952534675598145
dihedral 710 709 711 713 200 4.787356376647949
dihedral 729 728 730 732 200 -1.027315378189087
dihedral 743 742 744 746 200 -5.3100996017456055
dihedral 762 761 763 765 200 -2.039167642593384
dihedral 776 775 777 779 200 0.9635797142982483
dihedral 783 782 784 786 200 4.821290493011475
dihedral 802 801 803 805 200 0.05334191024303436
dihedral 819 818 820 822 200 -1.3798609972000122
dihedral 843 842 844 846 200 1.643121600151062
dihedral 857 856 858 860 200 0.5025111436843872
dihedral 869 868 870 872 200 -1.5768330097198486
dihedral 885 884 886 888 200 -1.5759941339492798
dihedral 901 900 902 904 200 0.7029738426208496
dihedral 918 917 919 921 200 1.7579143047332764
dihedral 942 941 943 945 200 6.182338237762451
dihedral 958 957 959 961 200 -0.704902708530426
dihedral 965 964 966 968 200 0.4299306273460388
dihedral 980 979 981 983 200 -0.006745961029082537
dihedral 1000 999 1001 1003 200 -1.4293400049209595
dihedral 1020 1019 1021 1023 200 4.705376148223877
dihedral 1027 1026 1028 1030 200 -0.4274715781211853
dihedral 1046 1045 1047 1049 200 -3.249849557876587
dihedral 1063 1062 1064 1068 200 3.8817241191864014
dihedral 1077 1076 1078 1080 200 0.6892399191856384
dihedral 1096 1095 1097 1099 200 -2.55141544342041
dihedral 1112 1111 1113 1115 200 -5.627956390380859
dihedral 1131 1130 1132 1134 200 -4.701787948608398
dihedral 1146 1145 1147 1149 200 1.7283759117126465
dihedral 1158 1157 1159 1161 200 -7.177875518798828
dihedral 1177 1176 1178 1180 200 0.2694835364818573
dihedral 1196 1195 1197 1199 200 -4.542013645172119
dihedral 1210 1209 1211 1213 200 4.426200866699219
dihedral 1226 1225 1227 1229 200 1.565661907196045
dihedral 1243 1242 1244 1246 200 6.0266289710998535
dihedral 1260 1259 1261 1263 200 -1.9387613534927368
dihedral 1284 1283 1285 1289 200 -7.05443811416626
dihedral 1298 1297 1299 1301 200 -1.835058331489563
dihedral 1320 1319 1321 1323 200 -4.739383697509766
dihedral 1336 1335 1337 1339 200 -1.6374064683914185
dihedral 1351 1350 1352 1354 200 2.172161340713501
dihedral 1371 1370 1372 1374 200 -8.403437614440918
dihedral 1391 1390 1392 1394 200 3.3765203952789307
dihedral 1406 1405 1407 1409 200 3.901960849761963
dihedral 1420 1419 1421 1423 200 3.313368082046509
dihedral 1441 1440 1442 1444 200 -2.9123997688293457
dihedral 1457 1456 1458 1460 200 1.67253839969635
dihedral 1477 1476 1478 1480 200 0.8650468587875366
dihedral 1496 1495 1497 1499 200 -2.866943597793579
dihedral 1512 1511 1513 1515 200 1.630325436592102
dihedral 1531 1530 1532 1534 200 4.381328582763672
dihedral 1553 1552 1554 1556 200 -4.898594379425049
dihedral 1570 1569 1571 1573 200 2.2655012607574463
dihedral 1590 1589 1591 1593 200 0.9841808676719666
dihedral 1604 1603 1605 1607 200 -1.961060643196106
dihedral 1625 1624 1626 1628 200 -4.8163652420043945
dihedral 1637 1636 1638 1640 200 2.3155436515808105
dihedral 1659 1658 1660 1662 200 2.1851696968078613
dihedral 1673 1672 1674 1676 200 -3.6573967933654785
dihedral 1692 1691 1693 1695 200 2.7282135486602783
dihedral 1709 1708 1710 1712 200 -3.4214365482330322
dihedral 1724 1723 1725 1727 200 3.506593942642212
dihedral 1743 1742 1744 1746 200 1.5636520385742188
dihedral 1758 1757 1759 1761 200 3.4165878295898438
dihedral 1769 1768 1770 1772 200 -2.531236171722412
dihedral 1784 1783 1785 1787 200 4.172186851501465
dihedral 1801 1800 1802 1804 200 -7.7993011474609375
dihedral 1817 1816 1818 1820 200 -4.4475555419921875
dihedral 1828 1827 1829 1831 200 -2.025628089904785
dihedral 1847 1846 1848 1850 200 -0.45889127254486084
dihedral 1866 1865 1867 1869 200 -0.6212712526321411
dihedral 1885 1884 1886 1888 200 -7.473991870880127
dihedral 1899 1898 1900 1902 200 -4.2644853591918945
dihedral 1921 1920 1922 1924 200 5.296710014343262
dihedral 1935 1934 1936 1938 200 5.064354419708252
dihedral 1946 1945 1947 1949 200 -8.717562675476074
dihedral 1962 1961 1963 1965 200 5.0040507316589355
dihedral 1981 1980 1982 1984 200 -6.134225845336914
dihedral 1998 1997 1999 2001 200 1.4973206520080566
dihedral 2018 2017 2019 2021 200 -3.4073312282562256
dihedral 2035 2034 2036 2038 200 -6.738955974578857
dihedral 2050 2049 2051 2053 200 -2.82456636428833
dihedral 2072 2071 2073 2075 200 2.1494758129119873
dihedral 2091 2090 2092 2094 200 -6.218771934509277
dihedral 2098 2097 2099 2101 200 -3.6140682697296143
dihedral 2110 2109 2111 2113 200 -5.042692184448242
dihedral 2126 2125 2127 2129 200 4.162097930908203
dihedral 2146 2145 2147 2149 200 -1.0943546295166016
dihedral 2158 2157 2159 2163 200 -4.200233459472656
dihedral 2172 2171 2173 2175 200 -6.48948335647583
dihedral 2188 2187 2189 2191 200 -3.6307718753814697
dihedral 2212 2211 2213 2215 200 1.8361830711364746
dihedral 2227 2226 2228 2230 200 -3.4834799766540527
dihedral 2251 2250 2252 2254 200 -5.584842205047607
dihedral 2270 2269 2271 2273 200 2.919530153274536
dihedral 2294 2293 2295 2297 200 7.092109680175781
dihedral 2315 2314 2316 2318 200 4.568503379821777
dihedral 2329 2328 2330 2332 200 1.6192809343338013
dihedral 2353 2352 2354 2356 200 2.3925886154174805
dihedral 2360 2359 2361 2363 200 2.23404860496521
dihedral 2379 2378 2380 2382 200 3.1798622608184814
dihedral 2398 2397 2399 2401 200 2.294663429260254
dihedral 2422 2421 2423 2425 200 11.670121192932129
dihedral 2444 2443 2445 2447 200 -4.175804615020752
dihedral 2466 2465 2467 2469 200 -2.436781883239746
dihedral 2490 2489 2491 2493 200 2.128666400909424
dihedral 2500 2499 2501 2503 200 1.2790968418121338
dihedral 2512 2511 2513 2515 200 -1.1715964078903198
dihedral 2533 2532 2534 2536 200 -5.603443145751953
dihedral 2552 2551 2553 2555 200 -4.572492599487305
dihedral 2571 2570 2572 2574 200 -0.023723728954792023
dihedral 2592 2591 2593 2595 200 -2.1913716793060303
dihedral 2603 2602 2604 2606 200 -1.6138232946395874
dihedral 2622 2621 2623 2625 200 7.665923595428467
dihedral 2641 2640 2642 2644 200 6.553308486938477
dihedral 2653 2652 2654 2656 200 1.6842373609542847
dihedral 2663 2662 2664 2666 200 -3.1344313621520996
dihedral 2682 2681 2683 2685 200 -3.182063102722168
dihedral 2698 2697 2699 2701 200 0.3672422468662262
dihedral 2710 2709 2711 2713 200 -0.7134403586387634
dihedral 2722 2721 2723 2725 200 5.125614643096924
dihedral 2743 2742 2744 2746 200 -3.570953845977783
dihedral 2763 2762 2764 2766 200 3.285198211669922
dihedral 2779 2778 2780 2782 200 2.214540719985962
dihedral 2798 2797 2799 2801 200 -5.941226482391357
dihedral 2817 2816 2818 2820 200 -2.152754783630371
dihedral 2832 2831 2833 2835 200 -2.9535536766052246
dihedral 2854 2853 2855 2857 200 1.8448457717895508
dihedral 2873 2872 2874 2876 200 0.8235920071601868
dihedral 2885 2884 2886 2888 200 -4.237113952636719
dihedral 2897 2896 2898 2900 200 -1.9377812147140503
dihedral 2912 2911 2913 2915 200 -6.395217418670654
dihedral 2931 2930 2932 2934 200 1.6009668111801147
dihedral 2943 2942 2944 2946 200 -9.383910179138184
dihedral 2959 2958 2960 2962 200 5.755806922912598
dihedral 2978 2977 2979 2981 200 -8.950061798095703
dihedral 2993 2992 2994 2996 200 1.9610967636108398
dihedral 3008 3007 3009 3011 200 5.505468845367432
dihedral 3023 3022 3024 3026 200 4.862421035766602
dihedral 3039 3038 3040 3042 200 5.836643695831299
dihedral 3058 3057 3059 3061 200 -5.435243606567383
dihedral 3073 3072 3074 3076 200 9.96456241607666
dihedral 3097 3096 3098 3102 200 3.59165620803833
dihedral 3111 3110 3112 3114 200 -0.43277743458747864
dihedral 3126 3125 3127 3129 200 -5.0122761726379395
dihedral 3148 3147 3149 3151 200 0.11078497022390366
dihedral 3163 3162 3164 3166 200 -3.4894514083862305
dihedral 3177 3176 3178 3180 200 1.6424301862716675
dihedral 3193 3192 3194 3196 200 0.38751453161239624
dihedral 3210 3209 3211 3213 200 -6.319270610809326
dihedral 3234 3233 3235 3237 200 -6.571384906768799
dihedral 3248 3247 3249 3251 200 -4.266550540924072
dihedral 3265 3264 3266 3268 200 -6.023502826690674
dihedral 3282 3281 3283 3285 200 4.098379135131836
dihedral 3301 3300 3302 3304 200 0.5259819030761719
dihedral 3323 3322 3324 3326 200 -2.161316394805908
dihedral 3347 3346 3348 3350 200 -1.7551523447036743
dihedral 3361 3360 3362 3364 200 -4.202065467834473
dihedral 3380 3379 3381 3383 200 -7.306825160980225
dihedral 3396 3395 3397 3399 200 -3.3635616302490234
dihedral 3411 3410 3412 3414 200 0.07165899127721786
dihedral 3430 3429 3431 3433 200 5.625823020935059
dihedral 3454 3453 3455 3457 200 -4.083130836486816
dihedral 3476 3475 3477 3479 200 2.294541597366333
dihedral 3490 3489 3491 3493 200 10.037022590637207
dihedral 3509 3508 3510 3512 200 6.6496405601501465
dihedral 3533 3532 3534 3538 200 -4.584681987762451
dihedral 3547 3546 3548 3550 200 5.486147403717041
dihedral 3566 3565 3567 3569 200 1.1960335969924927
dihedral 3590 3589 3591 3593 200 -1.2341599464416504
dihedral 3605 3604 3606 3608 200 -5.60654354095459
dihedral 3621 3620 3622 3624 200 -6.317747116088867
dihedral 3640 3639 3641 3643 200 1.5150045156478882
dihedral 3651 3650 3652 3654 200 -2.0768282413482666
dihedral 3662 3661 3663 3665 200 1.026566743850708
dihedral 3681 3680 3682 3684 200 4.240842819213867
dihedral 3702 3701 3703 3705 200 0.30912649631500244
dihedral 3726 3725 3727 3729 200 5.608072280883789
dihedral 3738 3737 3739 3741 200 14.423892974853516
dihedral 3754 3753 3755 3759 200 1.6614869832992554
dihedral 3768 3767 3769 3773 200 8.78348159790039
dihedral 3782 3781 3783 3785 200 2.832897424697876
dihedral 3801 3800 3802 3804 200 -2.281721353530884
dihedral 3820 3819 3821 3823 200 5.056694984436035
dihedral 3835 3834 3836 3838 200 -3.648428440093994
dihedral 3857 3856 3858 3860 200 -11.465786933898926
dihedral 3872 3871 3873 3875 200 0.9618058204650879
dihedral 3886 3885 3887 3889 200 1.1475046873092651
dihedral 3902 3901 3903 3907 200 -2.3743021488189697
dihedral 3916 3915 3917 3919 200 -5.22775411605835
dihedral 3937 3936 3938 3940 200 -0.12282806634902954
dihedral 3957 3956 3958 3960 200 0.4237616956233978
dihedral 3981 3980 3982 3984 200 4.817488670349121
dihedral 3993 3992 3994 3996 200 -2.477311134338379
dihedral 4009 4008 4010 4012 200 2.1676700115203857
dihedral 4030 4029 4031 4033 200 -3.324521064758301
dihedral 4042 4041 4043 4045 200 2.950361490249634
dihedral 4059 4058 4060 4062 200 10.08105182647705
dihedral 4073 4072 4074 4076 200 -5.861786365509033
dihedral 4092 4091 4093 4095 200 -2.4052579402923584
dihedral 4109 4108 4110 4112 200 1.0707648992538452
dihedral 4128 4127 4129 4131 200 -0.14930260181427002
dihedral 4138 4137 4139 4141 200 -3.5102903842926025
dihedral 4150 4149 4151 4153 200 -2.2139642238616943
dihedral 4164 4163 4165 4167 200 -6.763193130493164
dihedral 4180 4179 4181 4183 200 -0.35893914103507996
dihedral 4195 4194 4196 4198 200 -0.802081286907196
dihedral 4209 4208 4210 4212 200 -3.3203608989715576
dihedral 4229 4228 4230 4232 200 1.6170161962509155
dihedral 4253 4252 4254 4256 200 -1.4924427270889282
dihedral 4265 4264 4266 4268 200 -4.570709705352783
dihedral 4284 4283 4285 4287 200 0.6849637031555176
dihedral 4300 4299 4301 4303 200 -5.314929962158203
dihedral 4311 4310 4312 4314 200 2.8274457454681396
dihedral 4318 4317 4319 4321 200 -5.454840183258057
dihedral 4337 4336 4338 4340 200 3.4106194972991943
dihedral 4356 4355 4357 4359 200 1.7790186405181885
dihedral 4368 4367 4369 4371 200 -3.5059635639190674
dihedral 4384 4383 4385 4387 200 -1.7409275770187378
dihedral 4405 4404 4406 4408 200 1.7883762121200562
dihedral 4424 4423 4425 4427 200 -1.459118366241455
dihedral 4435 4434 4436 4438 200 -3.2794015407562256
dihedral 4446 4445 4447 4449 200 -1.1178168058395386
dihedral 4462 4461 4463 4465 200 -0.1712961047887802
dihedral 4473 4472 4474 4476 200 -5.4232988357543945
dihedral 4487 4486 4488 4490 200 -5.940974235534668
dihedral 4509 4508 4510 4512 200 -3.434317111968994
dihedral 4523 4522 4524 4526 200 -6.311441898345947
dihedral 4537 4536 4538 4540 200 1.7456790208816528
dihedral 4552 4551 4553 4555 200 -2.3557827472686768
dihedral 4568 4567 4569 4571 200 1.8385897874832153
dihedral 4585 4584 4586 4588 200 0.5574485063552856
dihedral 4607 4606 4608 4610 200 0.02103642374277115
dihedral 4623 4622 4624 4626 200 -1.445237159729004
dihedral 4642 4641 4643 4645 200 1.0502992868423462
dihedral 4656 4655 4657 4659 200 2.429377555847168
dihedral 4675 4674 4676 4678 200 -2.1571803092956543
dihedral 4694 4693 4695 4697 200 8.452966690063477
dihedral 4704 4703 4705 4707 200 4.109422206878662
dihedral 4718 4717 4719 4721 200 -1.4447015523910522
dihedral 4737 4736 4738 4740 200 1.458144187927246
dihedral 4757 4756 4758 4760 200 -1.0181626081466675
dihedral 4774 4773 4775 4779 200 -8.953734397888184
dihedral 4788 4787 4789 4791 200 2.3749301433563232
dihedral 4807 4806 4808 4810 200 -4.09445333480835
dihedral 4821 4820 4822 4824 200 -4.198614597320557
dihedral 4841 4840 4842 4844 200 -2.1120688915252686
dihedral 4860 4859 4861 4863 200 -1.0828346014022827
dihedral 4870 4869 4871 4873 200 -1.8530205488204956
dihedral 4877 4876 4878 4880 200 0.012062981724739075
dihedral 4896 4895 4897 4899 200 6.797145366668701
dihedral 4917 4916 4918 4920 200 -2.620027780532837
dihedral 4924 4923 4925 4927 200 0.5504904389381409
dihedral 4941 4940 4942 4944 200 2.872194766998291
dihedral 4955 4954 4956 4958 200 2.376952886581421
dihedral 4975 4974 4976 4978 200 -1.8194855451583862
dihedral 4990 4989 4991 4993 200 -5.213700771331787
dihedral 5011 5010 5012 5014 200 3.5090365409851074
dihedral 5028 5027 5029 5033 200 -4.363986015319824
dihedral 5042 5041 5043 5045 200 1.2124203443527222
dihedral 5057 5056 5058 5060 200 0.35266125202178955
dihedral 5076 5075 5077 5079 200 0.9806110262870789
dihedral 5100 5099 5101 5103 200 -2.6187634468078613
dihedral 5124 5123 5125 5127 200 -0.0965888649225235
dihedral 5146 5145 5147 5149 200 4.286996841430664
dihedral 5170 5169 5171 5173 200 2.5010101795196533
dihedral 5177 5176 5178 5180 200 7.615378379821777
dihedral 5198 5197 5199 5203 200 7.959076404571533
dihedral 5212 5211 5213 5215 200 5.962533950805664
dihedral 5228 5227 5229 5231 200 1.6202609539031982
dihedral 5244 5243 5245 5247 200 0.3619973659515381
dihedral 5263 5262 5264 5266 200 7.682187080383301
dihedral 5273 5272 5274 5276 200 5.134146213531494
dihedral 5289 5288 5290 5292 200 1.815373182296753
dihedral 5306 5305 5307 5309 200 2.7195792198181152
dihedral 5313 5312 5314 5316 200 0.5606269836425781
dihedral 5329 5328 5330 5332 200 1.8901381492614746
dihedral 5348 5347 5349 5351 200 -3.5600924491882324
dihedral 5358 5357 5359 5361 200 1.4096052646636963
dihedral 5374 5373 5375 5377 200 2.119889497756958
dihedral 5393 5392 5394 5396 200 -2.629143476486206
dihedral 5410 5409 5411 5413 200 -5.248256206512451
dihedral 5426 5425 5427 5429 200 -2.2000746726989746
dihedral 5442 5441 5443 5445 200 -3.2631123065948486
dihedral 5463 5462 5464 5466 200 -7.657933235168457
dihedral 5483 5482 5484 5486 200 -0.7406160235404968
dihedral 5505 5504 5506 5508 200 -8.621294975280762
dihedral 5527 5526 5528 5530 200 5.69167947769165
dihedral 5549 5548 5550 5552 200 0.4411846399307251
dihedral 5590 5589 5591 5593 200 0.9827342629432678
dihedral 5611 5610 5612 5614 200 2.5898823738098145
dihedral 5625 5624 5626 5628 200 5.480978012084961
dihedral 5632 5631 5633 5635 200 4.598038673400879
dihedral 5654 5653 5655 5657 200 -1.9987417459487915
dihedral 5675 5674 5676 5678 200 -0.5628849267959595
dihedral 5699 5698 5700 5702 200 5.769071102142334
dihedral 5714 5713 5715 5717 200 11.652443885803223
dihedral 5726 5725 5727 5729 200 4.756458282470703
dihedral 5746 5745 5747 5749 200 3.1698038578033447
dihedral 5761 5760 5762 5764 200 -6.98680305480957
dihedral 5780 5779 5781 5783 200 0.7202627658843994
dihedral 5795 5794 5796 5798 200 1.2623775005340576
dihedral 5811 5810 5812 5814 200 -1.7650855779647827
dihedral 5828 5827 5829 5831 200 -3.539672374725342
dihedral 5842 5841 5843 5845 200 1.3593684434890747
dihedral 5863 5862 5864 5866 200 -5.769451141357422
dihedral 5874 5873 5875 5877 200 -2.1636505126953125
dihedral 5893 5892 5894 5896 200 4.743956565856934
dihedral 5908 5907 5909 5911 200 5.905378341674805
dihedral 5923 5922 5924 5926 200 -1.2205455303192139
dihedral 5943 5942 5944 5946 200 -3.9599201679229736
dihedral 5967 5966 5968 5970 200 -2.9676733016967773
dihedral 5982 5981 5983 5985 200 4.613712310791016
dihedral 6002 6001 6003 6005 200 -5.209916591644287
dihedral 6024 6023 6025 6027 200 -2.4500033855438232
dihedral 6038 6037 6039 6041 200 -0.2142510563135147
dihedral 6052 6051 6053 6055 200 -3.4309258460998535
dihedral 6064 6063 6065 6067 200 -2.598539352416992
dihedral 6080 6079 6081 6083 200 8.987712860107422
dihedral 6095 6094 6096 6098 200 0.04046456888318062
dihedral 6106 6105 6107 6109 200 6.1759257316589355
dihedral 6122 6121 6123 6125 200 5.3975982666015625
dihedral 6141 6140 6142 6146 200 -2.1992876529693604
dihedral 6155 6154 6156 6158 200 -3.6741247177124023
dihedral 6175 6174 6176 6178 200 -2.799713134765625
dihedral 6199 6198 6200 6202 200 -0.10634541511535645
dihedral 6211 6210 6212 6214 200 0.34282320737838745
dihedral 6222 6221 6223 6225 200 -2.52952241897583
dihedral 6233 6232 6234 6236 200 -4.242427349090576
dihedral 6247 6246 6248 6252 200 -0.6340775489807129
dihedral 6261 6260 6262 6264 200 3.5600411891937256
dihedral 6275 6274 6276 6278 200 -0.6993885040283203
dihedral 6299 6298 6300 6302 200 -0.9755815267562866
dihedral 6318 6317 6319 6321 200 -6.553475379943848
dihedral 6332 6331 6333 6335 200 -3.93509840965271
dihedral 6351 6350 6352 6354 200 -0.6018276810646057
dihedral 6365 6364 6366 6368 200 1.0087062120437622
dihedral 6372 6371 6373 6375 200 6.3842549324035645
dihedral 6391 6390 6392 6394 200 -3.2447948455810547
dihedral 6408 6407 6409 6411 200 1.5315496921539307
dihedral 6432 6431 6433 6435 200 -1.217771053314209
dihedral 6446 6445 6447 6449 200 2.7178151607513428
dihedral 6458 6457 6459 6461 200 1.2149293422698975
dihedral 6474 6473 6475 6477 200 -4.201874256134033
dihedral 6490 6489 6491 6493 200 -2.581291675567627
dihedral 6507 6506 6508 6510 200 -3.2635700702667236
dihedral 6531 6530 6532 6534 200 -0.06690540909767151
dihedral 6547 6546 6548 6550 200 -0.5251944661140442
dihedral 6554 6553 6555 6557 200 -5.138514518737793
dihedral 6569 6568 6570 6572 200 2.9248359203338623
dihedral 6589 6588 6590 6592 200 0.4950742721557617
dihedral 6609 6608 6610 6612 200 1.4358575344085693
dihedral 6616 6615 6617 6619 200 3.5831427574157715
dihedral 6635 6634 6636 6638 200 -1.9078645706176758
dihedral 6652 6651 6653 6657 200 2.1856634616851807
dihedral 6666 6665 6667 6669 200 -1.2601381540298462
dihedral 6685 6684 6686 6688 200 -3.1869685649871826
dihedral 6701 6700 6702 6704 200 -3.9723904132843018
dihedral 6720 6719 6721 6723 200 0.5149984955787659
dihedral 6735 6734 6736 6738 200 -0.8546746969223022
dihedral 6747 6746 6748 6750 200 -2.7744526863098145
dihedral 6766 6765 6767 6769 200 -0.5383808016777039
dihedral 6785 6784 6786 6788 200 -6.018561840057373
dihedral 6799 6798 6800 6802 200 10.288323402404785
dihedral 6815 6814 6816 6818 200 -4.591348648071289
dihedral 6832 6831 6833 6835 200 2.8349227905273438
dihedral 6849 6848 6850 6852 200 -4.832828521728516
dihedral 6873 6872 6874 6878 200 -1.272111177444458
dihedral 6887 6886 6888 6890 200 0.8246266841888428
dihedral 6909 6908 6910 6912 200 -0.9866349101066589
dihedral 6925 6924 6926 6928 200 -4.64852237701416
dihedral 6940 6939 6941 6943 200 -4.924651145935059
dihedral 6960 6959 6961 6963 200 -2.3541595935821533
dihedral 6980 6979 6981 6983 200 0.13308140635490417
dihedral 6995 6994 6996 6998 200 -0.337362140417099
dihedral 7009 7008 7010 7012 200 3.0343551635742188
dihedral 7030 7029 7031 7033 200 -2.6176095008850098
dihedral 7046 7045 7047 7049 200 -0.9015796184539795
dihedral 7066 7065 7067 7069 200 2.3018689155578613
dihedral 7085 7084 7086 7088 200 -5.674697399139404
dihedral 7101 7100 7102 7104 200 2.0601391792297363
dihedral 7120 7119 7121 7123 200 2.671614408493042
dihedral 7142 7141 7143 7145 200 -5.839794635772705
dihedral 7159 7158 7160 7162 200 4.200114727020264
dihedral 7179 7178 7180 7182 200 2.0951056480407715
dihedral 7193 7192 7194 7196 200 5.665596961975098
dihedral 7214 7213 7215 7217 200 -7.568081855773926
dihedral 7226 7225 7227 7229 200 1.8361248970031738
dihedral 7248 7247 7249 7251 200 -0.1888609379529953
dihedral 7262 7261 7263 7265 200 -4.762287616729736
dihedral 7281 7280 7282 7284 200 3.789003610610962
dihedral 7298 7297 7299 7301 200 0.3201804459095001
dihedral 7313 7312 7314 7316 200 -2.9630045890808105
dihedral 7332 7331 7333 7335 200 -1.1455745697021484
dihedral 7347 7346 7348 7350 200 3.2073183059692383
dihedral 7358 7357 7359 7361 200 -5.015947341918945
dihedral 7373 7372 7374 7376 200 -1.1804522275924683
dihedral 7390 7389 7391 7393 200 -3.0607316493988037
dihedral 7406 7405 7407 7409 200 -6.396157741546631
dihedral 7417 7416 7418 7420 200 -0.8832889199256897
dihedral 7436 7435 7437 7439 200 -0.5613536834716797
dihedral 7455 7454 7456 7458 200 -2.678062677383423
dihedral 7474 7473 7475 7477 200 -7.654062747955322
dihedral 7488 7487 7489 7491 200 0.02919083461165428
dihedral 7510 7509 7511 7513 200 -1.8203986883163452
dihedral 7524 7523 7525 7527 200 -0.7111104726791382
dihedral 7535 7534 7536 7538 200 -0.5983261466026306
dihedral 7551 7550 7552 7554 200 -3.886211633682251
dihedral 7570 7569 7571 7573 200 -4.380195140838623
dihedral 7587 7586 7588 7590 200 5.206954479217529
dihedral 7607 7606 7608 7610 200 3.5266611576080322
dihedral 7624 7623 7625 7627 200 -4.921256065368652
dihedral 7639 7638 7640 7642 200 3.461803913116455
dihedral 7661 7660 7662 7664 200 0.5001302361488342
dihedral 7680 7679 7681 7683 200 -2.7545125484466553
dihedral 7687 7686 7688 7690 200 1.829140067100525
dihedral 7699 7698 7700 7702 200 -1.8977960348129272
dihedral 7715 7714 7716 7718 200 7.363821506500244
dihedral 7735 7734 7736 7738 200 -0.590718150138855
dihedral 7747 7746 7748 7752 200 -5.0483269691467285
dihedral 7761 7760 7762 7764 200 -1.3417333364486694
dihedral 7777 7776 7778 7780 200 -0.16152271628379822
dihedral 7801 7800 7802 7804 200 -2.028956651687622
dihedral 7816 7815 7817 7819 200 0.9374644756317139
dihedral 7840 7839 7841 7843 200 -1.8703818321228027
dihedral 7859 7858 7860 7862 200 1.9681384563446045
dihedral 7883 7882 7884 7886 200 10.4872407913208
dihedral 7904 7903 7905 7907 200 8.119973182678223
dihedral 7918 7917 7919 7921 200 8.373053550720215
dihedral 7942 7941 7943 7945 200 -1.6641106605529785
dihedral 7949 7948 7950 7952 200 2.1551764011383057
dihedral 7968 7967 7969 7971 200 1.7313064336776733
dihedral 7987 7986 7988 7990 200 -3.4159433841705322
dihedral 8011 8010 8012 8014 200 1.231907844543457
dihedral 8033 8032 8034 8036 200 1.0427310466766357
dihedral 8055 8054 8056 8058 200 8.062453269958496
dihedral 8079 8078 8080 8082 200 5.604690074920654
dihedral 8089 8088 8090 8092 200 -2.056913375854492
dihedral 8101 8100 8102 8104 200 -4.98764705657959
dihedral 8122 8121 8123 8125 200 -4.195268154144287
dihedral 8141 8140 8142 8144 200 -0.855836808681488
dihedral 8160 8159 8161 8163 200 -2.207016706466675
dihedral 8181 8180 8182 8184 200 -1.1162753105163574
dihedral 8192 8191 8193 8195 200 -6.069797039031982
dihedral 8211 8210 8212 8214 200 -2.957052230834961
dihedral 8230 8229 8231 8233 200 1.7492306232452393
dihedral 8242 8241 8243 8245 200 0.3489329218864441
dihedral 8252 8251 8253 8255 200 3.1318976879119873
dihedral 8271 8270 8272 8274 200 -1.5550684928894043
dihedral 8287 8286 8288 8290 200 0.03270021453499794
dihedral 8299 8298 8300 8302 200 -5.1999735832214355
dihedral 8311 8310 8312 8314 200 -1.6611403226852417
dihedral 8332 8331 8333 8335 200 -5.472464084625244
dihedral 8352 8351 8353 8355 200 -1.3653616905212402
dihedral 8368 8367 8369 8371 200 -3.3394346237182617
dihedral 8387 8386 8388 8390 200 -2.3348405361175537
dihedral 8406 8405 8407 8409 200 -2.3488235473632813
dihedral 8421 8420 8422 8424 200 1.1017823219299316
dihedral 8443 8442 8444 8446 200 0.3232167959213257
dihedral 8462 8461 8463 8465 200 -3.4729409217834473
dihedral 8474 8473 8475 8477 200 -3.9342286586761475
dihedral 8486 8485 8487 8489 200 -8.210373878479004
dihedral 8501 8500 8502 8504 200 -5.989042282104492
dihedral 8520 8519 8521 8523 200 -3.691434144973755
dihedral 8532 8531 8533 8535 200 -7.61387825012207
dihedral 8548 8547 8549 8551 200 -2.891925811767578
dihedral 8567 8566 8568 8570 200 -3.770230770111084
dihedral 8582 8581 8583 8585 200 4.621968746185303
dihedral 8597 8596 8598 8600 200 7.107107162475586
dihedral 8612 8611 8613 8615 200 5.03135871887207
dihedral 8628 8627 8629 8631 200 -1.0371432304382324
dihedral 8647 8646 8648 8650 200 0.294486939907074
dihedral 8662 8661 8663 8665 200 4.366629600524902
dihedral 8686 8685 8687 8691 200 -2.257650852203369
dihedral 8700 8699 8701 8703 200 5.019607067108154
dihedral 8715 8714 8716 8718 200 -5.13996696472168
dihedral 8737 8736 8738 8740 200 -0.5335426330566406
dihedral 8752 8751 8753 8755 200 -4.193596363067627
dihedral 8766 8765 8767 8769 200 -5.509829998016357
dihedral 8782 8781 8783 8785 200 -1.648302435874939
dihedral 8799 8798 8800 8802 200 -4.139318466186523
dihedral 8823 8822 8824 8826 200 0.2927022874355316
dihedral 8837 8836 8838 8840 200 3.9606823921203613
dihedral 8854 8853 8855 8857 200 -6.060972213745117
dihedral 8871 8870 8872 8874 200 -1.107608437538147
dihedral 8890 8889 8891 8893 200 -8.081772804260254
dihedral 8912 8911 8913 8915 200 -2.453378200531006
dihedral 8936 8935 8937 8939 200 -1.1679770946502686
dihedral 8950 8949 8951 8953 200 0.22542542219161987
dihedral 8969 8968 8970 8972 200 -2.278838872909546
dihedral 8985 8984 8986 8988 200 -1.442588448524475
dihedral 9000 8999 9001 9003 200 -0.6062477231025696
dihedral 9019 9018 9020 9022 200 5.455751419067383
dihedral 9043 9042 9044 9046 200 -0.254832923412323
dihedral 9065 9064 9066 9068 200 3.262726068496704
dihedral 9079 9078 9080 9082 200 6.242000102996826
dihedral 9098 9097 9099 9101 200 4.513943672180176
dihedral 9122 9121 9123 9127 200 0.8850935697555542
dihedral 9136 9135 9137 9139 200 -3.7904741764068604
dihedral 9155 9154 9156 9158 200 -6.072035312652588
dihedral 9179 9178 9180 9182 200 -4.3598809242248535
dihedral 9194 9193 9195 9197 200 -2.5124027729034424
dihedral 9210 9209 9211 9213 200 0.5883296728134155
dihedral 9229 9228 9230 9232 200 -1.5282971858978271
dihedral 9240 9239 9241 9243 200 1.6692157983779907
dihedral 9251 9250 9252 9254 200 -7.000183582305908
dihedral 9270 9269 9271 9273 200 2.9220433235168457
dihedral 9291 9290 9292 9294 200 4.322219371795654
dihedral 9315 9314 9316 9318 200 3.3563735485076904
dihedral 9327 9326 9328 9330 200 8.517770767211914
dihedral 9343 9342 9344 9348 200 0.31487494707107544
dihedral 9357 9356 9358 9362 200 4.878468990325928
dihedral 9371 9370 9372 9374 200 6.4054388999938965
dihedral 9390 9389 9391 9393 200 -3.001016855239868
dihedral 9409 9408 9410 9412 200 9.237848281860352
dihedral 9424 9423 9425 9427 200 7.652358531951904
dihedral 9446 9445 9447 9449 200 -3.0054144859313965
dihedral 9461 9460 9462 9464 200 0.40794098377227783
dihedral 9475 9474 9476 9478 200 0.5082566142082214
dihedral 9491 9490 9492 9496 200 4.036431789398193
dihedral 9505 9504 9506 9508 200 0.18939338624477386
dihedral 9526 9525 9527 9529 200 -3.147761106491089
dihedral 9546 9545 9547 9549 200 -0.4779570996761322
dihedral 9570 9569 9571 9573 200 -1.9648345708847046
dihedral 9582 9581 9583 9585 200 -3.8345515727996826
dihedral 9598 9597 9599 9601 200 -1.5702533721923828
dihedral 9619 9618 9620 9622 200 1.1568794250488281
dihedral 9631 9630 9632 9634 200 1.9713279008865356
dihedral 9648 9647 9649 9651 200 3.118098735809326
dihedral 9662 9661 9663 9665 200 -8.501972198486328
dihedral 9681 9680 9682 9684 200 -2.5610923767089844
dihedral 9698 9697 9699 9701 200 0.4018594026565552
dihedral 9717 9716 9718 9720 200 6.3575005531311035
dihedral 9727 9726 9728 9730 200 -6.8563551902771
dihedral 9739 9738 9740 9742 200 -7.763029098510742
dihedral 9753 9752 9754 9756 200 -3.974046230316162
dihedral 9769 9768 9770 9772 200 0.8900477886199951
dihedral 9784 9783 9785 9787 200 -2.6168689727783203
dihedral 9798 9797 9799 9801 200 -1.4037806987762451
dihedral 9818 9817 9819 9821 200 3.1173787117004395
dihedral 9842 9841 9843 9845 200 -2.486922025680542
dihedral 9854 9853 9855 9857 200 -5.7081146240234375
dihedral 9873 9872 9874 9876 200 -1.7392405271530151
dihedral 9889 9888 9890 9892 200 2.795227289199829
dihedral 9900 9899 9901 9903 200 5.484612464904785
dihedral 9907 9906 9908 9910 200 -0.2439434975385666
dihedral 9926 9925 9927 9929 200 -2.3949801921844482
dihedral 9945 9944 9946 9948 200 4.857905864715576
dihedral 9957 9956 9958 9960 200 -4.584089756011963
dihedral 9973 9972 9974 9976 200 -5.967745304107666
dihedral 9994 9993 9995 9997 200 -2.852553606033325
dihedral 10013 10012 10014 10016 200 -3.1876490116119385
dihedral 10024 10023 10025 10027 200 2.392509937286377
dihedral 10035 10034 10036 10038 200 0.2851009964942932
dihedral 10051 10050 10052 10054 200 3.4059059619903564
dihedral 10062 10061 10063 10065 200 -2.940656900405884
dihedral 10076 10075 10077 10079 200 -6.105443954467773
dihedral 10098 10097 10099 10101 200 -4.722157955169678
dihedral 10112 10111 10113 10115 200 -6.100564002990723
dihedral 10126 10125 10127 10129 200 -3.9561996459960938
dihedral 10141 10140 10142 10144 200 -0.9204444289207458
dihedral 10157 10156 10158 10160 200 2.756675958633423
dihedral 10174 10173 10175 10177 200 1.5726202726364136
dihedral 10196 10195 10197 10199 200 0.8486495018005371
dihedral 10212 10211 10213 10215 200 0.29291847348213196
dihedral 10231 10230 10232 10234 200 -0.7832912802696228
dihedral 10245 10244 10246 10248 200 6.478222370147705
dihedral 10264 10263 10265 10267 200 -2.090068817138672
dihedral 10283 10282 10284 10286 200 -0.561434268951416
dihedral 10293 10292 10294 10296 200 2.0620081424713135
dihedral 10307 10306 10308 10310 200 5.49584436416626
dihedral 10326 10325 10327 10329 200 3.836951971054077
dihedral 10346 10345 10347 10349 200 4.167603492736816
dihedral 10363 10362 10364 10368 200 -2.4157066345214844
dihedral 10377 10376 10378 10380 200 1.4687730073928833
dihedral 10396 10395 10397 10399 200 -2.1039373874664307
dihedral 10410 10409 10411 10413 200 1.031259298324585
dihedral 10430 10429 10431 10433 200 1.2081711292266846
dihedral 10449 10448 10450 10452 200 1.445576786994934
dihedral 10459 10458 10460 10462 200 0.03101920895278454
dihedral 10466 10465 10467 10469 200 -4.744788646697998
dihedral 10485 10484 10486 10488 200 -2.1000876426696777
dihedral 10506 10505 10507 10509 200 -7.967952728271484
dihedral 10513 10512 10514 10516 200 1.0440200567245483
dihedral 10530 10529 10531 10533 200 1.704837441444397
dihedral 10544 10543 10545 10547 200 -2.3431296348571777
dihedral 10564 10563 10565 10567 200 4.972938060760498
dihedral 10579 10578 10580 10582 200 3.9555153846740723
dihedral 10600 10599 10601 10603 200 -0.722206175327301
dihedral 10617 10616 10618 10622 200 -4.37944221496582
dihedral 10631 10630 10632 10634 200 4.9961323738098145
dihedral 10646 10645 10647 10649 200 -1.2177107334136963
dihedral 10665 10664 10666 10668 200 -0.5214662551879883
dihedral 10689 10688 10690 10692 200 -2.415102958679199
dihedral 10713 10712 10714 10716 200 -1.7421962022781372
dihedral 10735 10734 10736 10738 200 4.295112609863281
dihedral 10759 10758 10760 10762 200 1.909157633781433
dihedral 10766 10765 10767 10769 200 4.048706531524658
dihedral 10787 10786 10788 10792 200 4.1068267822265625
dihedral 10801 10800 10802 10804 200 6.650323867797852
dihedral 10817 10816 10818 10820 200 -1.4765595197677612
dihedral 10833 10832 10834 10836 200 -0.4894498288631439
dihedral 10852 10851 10853 10855 200 5.7493085861206055
dihedral 10862 10861 10863 10865 200 3.731794595718384
dihedral 10878 10877 10879 10881 200 -4.498231410980225
dihedral 10895 10894 10896 10898 200 -5.171307563781738
dihedral 10902 10901 10903 10905 200 0.635868489742279
dihedral 10918 10917 10919 10921 200 -0.671299934387207
dihedral 10937 10936 10938 10940 200 -1.6480944156646729
dihedral 10947 10946 10948 10950 200 1.6814000606536865
dihedral 10963 10962 10964 10966 200 4.851182460784912
dihedral 10982 10981 10983 10985 200 -2.9475128650665283
dihedral 10999 10998 11000 11002 200 1.255260944366455
dihedral 11015 11014 11016 11018 200 -4.33854341506958
dihedral 11031 11030 11032 11034 200 -3.282682180404663
dihedral 11052 11051 11053 11055 200 -6.0698628425598145
dihedral 11072 11071 11073 11075 200 6.106895446777344
dihedral 11094 11093 11095 11097 200 1.3891091346740723
dihedral 11138 11137 11139 11141 200 -0.8317346572875977
dihedral 11154 11153 11155 11157 200 0.295197069644928
dihedral 11175 11174 11176 11178 200 5.805562973022461
dihedral 11189 11188 11190 11192 200 1.889541745185852
dihedral 11196 11195 11197 11199 200 0.2143995761871338
dihedral 11218 11217 11219 11221 200 1.7323530912399292
dihedral 11239 11238 11240 11242 200 -3.627396821975708
dihedral 11263 11262 11264 11266 200 12.089006423950195
dihedral 11278 11277 11279 11281 200 5.631407737731934
dihedral 11290 11289 11291 11293 200 2.0151078701019287
dihedral 11310 11309 11311 11313 200 3.075500726699829
dihedral 11325 11324 11326 11328 200 -4.369385719299316
dihedral 11344 11343 11345 11347 200 -2.443445920944214
dihedral 11359 11358 11360 11362 200 0.6034775376319885
dihedral 11375 11374 11376 11378 200 -3.4836668968200684
dihedral 11392 11391 11393 11395 200 -3.6289737224578857
dihedral 11406 11405 11407 11409 200 1.2812323570251465
dihedral 11427 11426 11428 11430 200 -0.1831170916557312
dihedral 11438 11437 11439 11441 200 -7.307441711425781
dihedral 11457 11456 11458 11460 200 2.5450961589813232
dihedral 11472 11471 11473 11475 200 6.784116744995117
dihedral 11487 11486 11488 11490 200 -8.106430053710938
dihedral 11507 11506 11508 11510 200 4.015549659729004
dihedral 11531 11530 11532 11534 200 0.37316465377807617
dihedral 11546 11545 11547 11549 200 -2.6322662830352783
dihedral 11566 11565 11567 11569 200 -4.68864631652832
dihedral 11588 11587 11589 11591 200 3.8901634216308594
dihedral 11602 11601 11603 11605 200 -1.5358431339263916
dihedral 11616 11615 11617 11619 200 0.25757718086242676
dihedral 11628 11627 11629 11631 200 5.265089988708496
dihedral 11644 11643 11645 11647 200 6.2964558601379395
dihedral 11659 11658 11660 11662 200 -0.8194242715835571
dihedral 11670 11669 11671 11673 200 2.157076597213745
dihedral 11686 11685 11687 11689 200 0.5512444972991943
dihedral 11705 11704 11706 11710 200 4.355903625488281
dihedral 11719 11718 11720 11722 200 -0.9046597480773926
dihedral 11739 11738 11740 11742 200 1.0184078216552734
dihedral 11763 11762 11764 11766 200 1.9366192817687988
dihedral 11775 11774 11776 11778 200 -3.142334461212158
dihedral 11786 11785 11787 11789 200 -2.0497214794158936
dihedral 11797 11796 11798 11800 200 -5.073022365570068
dihedral 11811 11810 11812 11816 200 -1.0897308588027954
dihedral 11825 11824 11826 11828 200 6.875512599945068
dihedral 11839 11838 11840 11842 200 -5.369049549102783
dihedral 11863 11862 11864 11866 200 2.2221577167510986
dihedral 11882 11881 11883 11885 200 -6.31726598739624
dihedral 11896 11895 11897 11899 200 -6.33126163482666
dihedral 11915 11914 11916 11918 200 -6.531309604644775
dihedral 11929 11928 11930 11932 200 7.93915319442749
dihedral 11936 11935 11937 11939 200 5.17286491394043
dihedral 11955 11954 11956 11958 200 -1.8390809297561646
dihedral 11972 11971 11973 11975 200 -0.7875756025314331
dihedral 11996 11995 11997 11999 200 -1.7670749425888062
dihedral 12010 12009 12011 12013 200 6.551222801208496
dihedral 12022 12021 12023 12025 200 3.2152254581451416
dihedral 12038 12037 12039 12041 200 -4.343425273895264
dihedral 12054 12053 12055 12057 200 -6.701172828674316
dihedral 12071 12070 12072 12074 200 -1.3828061819076538
dihedral 12095 12094 12096 12098 200 -2.2239227294921875
dihedral 12111 12110 12112 12114 200 0.8674157857894897
dihedral 12118 12117 12119 12121 200 -6.784250259399414
dihedral 12133 12132 12134 12136 200 2.4553093910217285
dihedral 12153 12152 12154 12156 200 -0.8428454995155334
dihedral 12173 12172 12174 12176 200 -0.3521577715873718
dihedral 12180 12179 12181 12183 200 -1.8777543306350708
dihedral 12199 12198 12200 12202 200 -4.959650039672852
dihedral 12216 12215 12217 12221 200 2.1015026569366455
dihedral 12230 12229 12231 12233 200 -2.5174643993377686
dihedral 12249 12248 12250 12252 200 -4.2313313484191895
dihedral 12265 12264 12266 12268 200 0.6526635885238647
dihedral 12284 12283 12285 12287 200 -2.657437562942505
dihedral 12299 12298 12300 12302 200 -3.0852084159851074
dihedral 12311 12310 12312 12314 200 -9.010003089904785
dihedral 12330 12329 12331 12333 200 -2.584599494934082
dihedral 12349 12348 12350 12352 200 -4.612053871154785
dihedral 12363 12362 12364 12366 200 3.3805346488952637
dihedral 12379 12378 12380 12382 200 -0.6941449642181396
dihedral 12396 12395 12397 12399 200 5.309403419494629
dihedral 12413 12412 12414 12416 200 -1.7330729961395264
dihedral 12437 12436 12438 12442 200 -5.0675950050354
dihedral 12451 12450 12452 12454 200 2.2450919151306152
dihedral 12473 12472 12474 12476 200 -0.04573279991745949
dihedral 12489 12488 12490 12492 200 -5.571910381317139
dihedral 12504 12503 12505 12507 200 3.6852686405181885
dihedral 12524 12523 12525 12527 200 -5.102934837341309
dihedral 12544 12543 12545 12547 200 1.1652863025665283
dihedral 12559 12558 12560 12562 200 -0.03574952483177185
dihedral 12573 12572 12574 12576 200 2.398456335067749
dihedral 12594 12593 12595 12597 200 1.7943662405014038
dihedral 12610 12609 12611 12613 200 -0.9340535402297974
dihedral 12630 12629 12631 12633 200 0.8157428503036499
dihedral 12649 12648 12650 12652 200 -1.4228143692016602
dihedral 12665 12664 12666 12668 200 2.68552827835083
dihedral 12684 12683 12685 12687 200 -1.4342012405395508
dihedral 12706 12705 12707 12709 200 -4.81915283203125
dihedral 12723 12722 12724 12726 200 5.747114181518555
dihedral 12743 12742 12744 12746 200 -2.2384798526763916
dihedral 12757 12756 12758 12760 200 -0.6768516302108765
dihedral 12778 12777 12779 12781 200 -7.479927062988281
dihedral 12790 12789 12791 12793 200 5.126636028289795
dihedral 12812 12811 12813 12815 200 -0.4824579358100891
dihedral 12826 12825 12827 12829 200 -10.234166145324707
dihedral 12845 12844 12846 12848 200 3.309471607208252
dihedral 12862 12861 12863 12865 200 5.408137321472168
dihedral 12877 12876 12878 12880 200 -3.9999890327453613
dihedral 12896 12895 12897 12899 200 2.4095120429992676
dihedral 12911 12910 12912 12914 200 2.9361393451690674
dihedral 12922 12921 12923 12925 200 -4.7792253494262695
dihedral 12937 12936 12938 12940 200 2.9660449028015137
dihedral 12954 12953 12955 12957 200 -4.8697967529296875
dihedral 12970 12969 12971 12973 200 -6.608503341674805
dihedral 12981 12980 12982 12984 200 1.7929216623306274
dihedral 13000 12999 13001 13003 200 0.7168101072311401
dihedral 13019 13018 13020 13022 200 -4.121540546417236
dihedral 13038 13037 13039 13041 200 -0.26826992630958557
dihedral 13052 13051 13053 13055 200 4.959873199462891
dihedral 13074 13073 13075 13077 200 -2.0584168434143066
dihedral 13088 13087 13089 13091 200 0.15035314857959747
dihedral 13099 13098 13100 13102 200 -1.233997106552124
dihedral 13115 13114 13116 13118 200 -0.4884783923625946
dihedral 13134 13133 13135 13137 200 -6.223450660705566
dihedral 13151 13150 13152 13154 200 3.205242872238159
dihedral 13171 13170 13172 13174 200 -2.2187745571136475
dihedral 13188 13187 13189 13191 200 -7.264325141906738
dihedral 13203 13202 13204 13206 200 0.11744798719882965
dihedral 13225 13224 13226 13228 200 1.8913300037384033
dihedral 13244 13243 13245 13247 200 -5.58204984664917
dihedral 13251 13250 13252 13254 200 -0.41344979405403137
dihedral 13263 13262 13264 13266 200 -0.31747695803642273
dihedral 13279 13278 13280 13282 200 4.127211093902588
dihedral 13299 13298 13300 13302 200 -2.803804397583008
dihedral 13311 13310 13312 13316 200 -2.5328011512756348
dihedral 13325 13324 13326 13328 200 -6.131202220916748
dihedral 13341 13340 13342 13344 200 -0.5384654998779297
dihedral 13365 13364 13366 13368 200 -3.4640467166900635
dihedral 13380 13379 13381 13383 200 2.179112672805786
dihedral 13404 13403 13405 13407 200 -3.8811025619506836
dihedral 13423 13422 13424 13426 200 8.408817291259766
dihedral 13447 13446 13448 13450 200 9.89378833770752
dihedral 13468 13467 13469 13471 200 -1.170512318611145
dihedral 13482 13481 13483 13485 200 3.0728957653045654
dihedral 13506 13505 13507 13509 200 1.6629177331924438
dihedral 13513 13512 13514 13516 200 1.9689408540725708
dihedral 13532 13531 13533 13535 200 5.6617608070373535
dihedral 13551 13550 13552 13554 200 -2.8278961181640625
dihedral 13575 13574 13576 13578 200 -2.6055638790130615
dihedral 13597 13596 13598 13600 200 -2.5768792629241943
dihedral 13619 13618 13620 13622 200 2.7275965213775635
dihedral 13643 13642 13644 13646 200 4.639074325561523
dihedral 13653 13652 13654 13656 200 -2.1039624214172363
dihedral 13665 13664 13666 13668 200 -3.8936121463775635
dihedral 13686 13685 13687 13689 200 -7.083171367645264
dihedral 13705 13704 13706 13708 200 -5.897928237915039
dihedral 13724 13723 13725 13727 200 1.4023176431655884
dihedral 13745 13744 13746 13748 200 -0.3718140721321106
dihedral 13756 13755 13757 13759 200 -7.044220924377441
dihedral 13775 13774 13776 13778 200 -5.302626132965088
dihedral 13794 13793 13795 13797 200 0.0030231322161853313
dihedral 13806 13805 13807 13809 200 1.4101550579071045
dihedral 13816 13815 13817 13819 200 -0.9104070067405701
dihedral 13835 13834 13836 13838 200 1.8773919343948364
dihedral 13851 13850 13852 13854 200 2.482483148574829
dihedral 13863 13862 13864 13866 200 -2.062985897064209
dihedral 13875 13874 13876 13878 200 -3.530488967895508
dihedral 13896 13895 13897 13899 200 -5.903848171234131
dihedral 13916 13915 13917 13919 200 -1.8892090320587158
dihedral 13932 13931 13933 13935 200 -3.9642765522003174
dihedral 13951 13950 13952 13954 200 -3.9272639751434326
dihedral 13970 13969 13971 13973 200 0.004807390738278627
dihedral 13985 13984 13986 13988 200 -6.6333417892456055
dihedral 14007 14006 14008 14010 200 1.8678646087646484
dihedral 14026 14025 14027 14029 200 2.4088661670684814
dihedral 14038 14037 14039 14041 200 1.9806424379348755
dihedral 14050 14049 14051 14053 200 9.899038314819336
dihedral 14065 14064 14066 14068 200 -0.5775110721588135
dihedral 14084 14083 14085 14087 200 -0.88432776927948
dihedral 14096 14095 14097 14099 200 -1.86810302734375
dihedral 14112 14111 14113 14115 200 0.16605693101882935
dihedral 14131 14130 14132 14134 200 -4.814013481140137
dihedral 14146 14145 14147 14149 200 1.7687368392944336
dihedral 14161 14160 14162 14164 200 -3.5276200771331787
dihedral 14176 14175 14177 14179 200 -0.788783609867096
dihedral 14192 14191 14193 14195 200 -0.41400766372680664
dihedral 14211 14210 14212 14214 200 -6.894748687744141
dihedral 14226 14225 14227 14229 200 1.9708566665649414
dihedral 14250 14249 14251 14255 200 -4.571915149688721
dihedral 14264 14263 14265 14267 200 5.97395658493042
dihedral 14279 14278 14280 14282 200 -8.370903015136719
dihedral 14301 14300 14302 14304 200 -6.80635929107666
dihedral 14316 14315 14317 14319 200 2.0591890811920166
dihedral 14330 14329 14331 14333 200 -3.575836420059204
dihedral 14346 14345 14347 14349 200 1.2627819776535034
dihedral 14363 14362 14364 14366 200 -5.615330219268799
dihedral 14387 14386 14388 14390 200 -4.685285568237305
dihedral 14401 14400 14402 14404 200 -4.765696048736572
dihedral 14418 14417 14419 14421 200 -0.2652813792228699
dihedral 14435 14434 14436 14438 200 -3.067547082901001
dihedral 14454 14453 14455 14457 200 0.2873348891735077
dihedral 14476 14475 14477 14479 200 -5.397332191467285
dihedral 14500 14499 14501 14503 200 -3.529989004135132
dihedral 14514 14513 14515 14517 200 0.2559722065925598
dihedral 14533 14532 14534 14536 200 -5.48451566696167
dihedral 14549 14548 14550 14552 200 -4.000629901885986
dihedral 14564 14563 14565 14567 200 1.072647213935852
dihedral 14583 14582 14584 14586 200 -0.8076608777046204
dihedral 14607 14606 14608 14610 200 -4.288669109344482
dihedral 14629 14628 14630 14632 200 0.5839086174964905
dihedral 14643 14642 14644 14646 200 6.733997344970703
dihedral 14662 14661 14663 14665 200 2.9557552337646484
dihedral 14686 14685 14687 14691 200 0.8260785341262817
dihedral 14700 14699 14701 14703 200 -0.7672945261001587
dihedral 14719 14718 14720 14722 200 -7.2186055183410645
dihedral 14743 14742 14744 14746 200 3.8180949687957764
dihedral 14758 14757 14759 14761 200 -3.724872350692749
dihedral 14774 14773 14775 14777 200 2.0465288162231445
dihedral 14793 14792 14794 14796 200 1.2813607454299927
dihedral 14804 14803 14805 14807 200 -8.761685371398926
dihedral 14815 14814 14816 14818 200 2.532578945159912
dihedral 14834 14833 14835 14837 200 2.842690944671631
dihedral 14855 14854 14856 14858 200 -1.749833106994629
dihedral 14879 14878 14880 14882 200 9.180486679077148
dihedral 14891 14890 14892 14894 200 18.853853225708008
dihedral 14907 14906 14908 14912 200 1.7697465419769287
dihedral 14921 14920 14922 14926 200 4.9857683181762695
dihedral 14935 14934 14936 14938 200 -1.2044928073883057
dihedral 14954 14953 14955 14957 200 0.15457379817962646
dihedral 14973 14972 14974 14976 200 1.6956684589385986
dihedral 14988 14987 14989 14991 200 -3.2290139198303223
dihedral 15010 15009 15011 15013 200 -7.733673095703125
dihedral 15025 15024 15026 15028 200 0.20923283696174622
dihedral 15039 15038 15040 15042 200 -0.400316447019577
dihedral 15055 15054 15056 15060 200 0.539081335067749
dihedral 15069 15068 15070 15072 200 -8.199929237365723
dihedral 15090 15089 15091 15093 200 -1.5838167667388916
dihedral 15110 15109 15111 15113 200 2.7099597454071045
dihedral 15134 15133 15135 15137 200 -0.8126612901687622
dihedral 15146 15145 15147 15149 200 -1.8675678968429565
dihedral 15162 15161 15163 15165 200 -3.5145998001098633
dihedral 15183 15182 15184 15186 200 -6.1309332847595215
dihedral 15195 15194 15196 15198 200 -0.6032297015190125
dihedral 15212 15211 15213 15215 200 3.451930046081543
dihedral 15226 15225 15227 15229 200 -2.3949146270751953
dihedral 15245 15244 15246 15248 200 0.2669825851917267
dihedral 15262 15261 15263 15265 200 -3.7219276428222656
dihedral 15281 15280 15282 15284 200 3.211240291595459
dihedral 15291 15290 15292 15294 200 -2.822657346725464
dihedral 15303 15302 15304 15306 200 -8.467573165893555
dihedral 15317 15316 15318 15320 200 -8.044373512268066
dihedral 15333 15332 15334 15336 200 -4.096680641174316
dihedral 15348 15347 15349 15351 200 -2.846435546875
dihedral 15362 15361 15363 15365 200 -1.3885217905044556
dihedral 15382 15381 15383 15385 200 -1.0540097951889038
dihedral 15406 15405 15407 15409 200 3.2121686935424805
dihedral 15418 15417 15419 15421 200 -2.5782454013824463
dihedral 15437 15436 15438 15440 200 5.750838279724121
dihedral 15453 15452 15454 15456 200 -5.379720211029053
dihedral 15464 15463 15465 15467 200 -1.0431737899780273
dihedral 15471 15470 15472 15474 200 0.2767409384250641
dihedral 15490 15489 15491 15493 200 4.914205551147461
dihedral 15509 15508 15510 15512 200 2.9141600131988525
dihedral 15521 15520 15522 15524 200 -10.52462100982666
dihedral 15537 15536 15538 15540 200 -2.0485541820526123
dihedral 15558 15557 15559 15561 200 -0.006268264260143042
dihedral 15577 15576 15578 15580 200 -1.762252688407898
dihedral 15588 15587 15589 15591 200 0.10489211231470108
dihedral 15599 15598 15600 15602 200 0.9088414907455444
dihedral 15615 15614 15616 15618 200 4.111563205718994
dihedral 15626 15625 15627 15629 200 -2.4501283168792725
dihedral 15640 15639 15641 15643 200 -0.774060070514679
dihedral 15662 15661 15663 15665 200 -11.526226997375488
dihedral 15676 15675 15677 15679 200 -1.3312335014343262
dihedral 15690 15689 15691 15693 200 -0.8522821068763733
dihedral 15705 15704 15706 15708 200 0.35434040427207947
dihedral 15721 15720 15722 15724 200 -1.9518320560455322
dihedral 15738 15737 15739 15741 200 -6.70236873626709
dihedral 15760 15759 15761 15763 200 -2.1776723861694336
dihedral 15776 15775 15777 15779 200 2.730424642562866
dihedral 15795 15794 15796 15798 200 -2.3445630073547363
dihedral 15809 15808 15810 15812 200 6.690002918243408
dihedral 15828 15827 15829 15831 200 0.9258795380592346
dihedral 15847 15846 15848 15850 200 3.6673271656036377
dihedral 15857 15856 15858 15860 200 9.545018196105957
dihedral 15871 15870 15872 15874 200 -3.0452964305877686
dihedral 15890 15889 15891 15893 200 2.971273422241211
dihedral 15910 15909 15911 15913 200 -0.6417328119277954
dihedral 15927 15926 15928 15932 200 -0.08614324778318405
dihedral 15941 15940 15942 15944 200 1.846008062362671
dihedral 15960 15959 15961 15963 200 0.2796303331851959
dihedral 15974 15973 15975 15977 200 0.2462247759103775
dihedral 15994 15993 15995 15997 200 -1.9800535440444946
dihedral 16013 16012 16014 16016 200 0.4775097966194153
dihedral 16023 16022 16024 16026 200 1.8562116622924805
dihedral 16030 16029 16031 16033 200 1.5902034044265747
dihedral 16049 16048 16050 16052 200 -2.0659239292144775
dihedral 16070 16069 16071 16073 200 -8.529109001159668
dihedral 16077 16076 16078 16080 200 -3.8310365676879883
dihedral 16094 16093 16095 16097 200 1.3409738540649414
dihedral 16108 16107 16109 16111 200 1.5936397314071655
dihedral 16128 16127 16129 16131 200 0.3581710755825043
dihedral 16143 16142 16144 16146 200 -3.4047811031341553
dihedral 16164 16163 16165 16167 200 -0.08465208113193512
dihedral 16181 16180 16182 16186 200 -5.775809288024902
dihedral 16195 16194 16196 16198 200 0.18455535173416138
dihedral 16210 16209 16211 16213 200 -2.885902166366577
dihedral 16229 16228 16230 16232 200 -1.531914472579956
dihedral 16253 16252 16254 16256 200 -3.0170693397521973
dihedral 16277 16276 16278 16280 200 1.4243239164352417
dihedral 16299 16298 16300 16302 200 3.1806445121765137
dihedral 16323 16322 16324 16326 200 0.6824429631233215
dihedral 16330 16329 16331 16333 200 0.9895456433296204
dihedral 16351 16350 16352 16356 200 0.24196329712867737
dihedral 16365 16364 16366 16368 200 0.9991273283958435
dihedral 16381 16380 16382 16384 200 -0.07886132597923279
dihedral 16397 16396 16398 16400 200 -2.0258188247680664
dihedral 16416 16415 16417 16419 200 6.270942211151123
dihedral 16426 16425 16427 16429 200 -0.4447014629840851
dihedral 16442 16441 16443 16445 200 4.857857704162598
dihedral 16459 16458 16460 16462 200 -1.0169416666030884
dihedral 16466 16465 16467 16469 200 3.2681424617767334
dihedral 16482 16481 16483 16485 200 0.8355458378791809
dihedral 16501 16500 16502 16504 200 4.5256171226501465
dihedral 16511 16510 16512 16514 200 4.861907482147217
dihedral 16527 16526 16528 16530 200 2.5695276260375977
dihedral 16546 16545 16547 16549 200 0.04770689830183983
dihedral 16563 16562 16564 16566 200 -0.4720612168312073
dihedral 16579 16578 16580 16582 200 -0.14626216888427734
dihedral 16595 16594 16596 16598 200 -5.763997554779053
dihedral 16616 16615 16617 16619 200 -6.724687099456787
dihedral 16636 16635 16637 16639 200 1.841292381286621
dihedral 16658 16657 16659 16661 200 -3.5155513286590576
dihedral 16680 16679 16681 16683 200 -1.290753960609436
dihedral 16724 16723 16725 16727 200 0.9148674607276917
dihedral 16740 16739 16741 16743 200 -2.0895607471466064
dihedral 16761 16760 16762 16764 200 4.249500751495361
dihedral 16775 16774 16776 16778 200 -1.432283639907837
dihedral 16782 16781 16783 16785 200 1.275976300239563
dihedral 16804 16803 16805 16807 200 -1.3614431619644165
dihedral 16825 16824 16826 16828 200 -5.034118175506592
dihedral 16849 16848 16850 16852 200 6.834289073944092
dihedral 16864 16863 16865 16867 200 9.532710075378418
dihedral 16876 16875 16877 16879 200 -1.5839579105377197
dihedral 16896 16895 16897 16899 200 1.8831332921981812
dihedral 16911 16910 16912 16914 200 -4.417900085449219
dihedral 16930 16929 16931 16933 200 -1.9391933679580688
dihedral 16945 16944 16946 16948 200 -4.4119086265563965
dihedral 16961 16960 16962 16964 200 0.585758626461029
dihedral 16978 16977 16979 16981 200 -2.0983808040618896
dihedral 16992 16991 16993 16995 200 5.465585708618164
dihedral 17013 17012 17014 17016 200 -3.1012985706329346
dihedral 17024 17023 17025 17027 200 -0.4603089690208435
dihedral 17043 17042 17044 17046 200 4.691796779632568
dihedral 17058 17057 17059 17061 200 10.465339660644531
dihedral 17073 17072 17074 17076 200 -1.1743392944335938
dihedral 17093 17092 17094 17096 200 3.7820961475372314
dihedral 17117 17116 17118 17120 200 -0.7514142394065857
dihedral 17132 17131 17133 17135 200 0.1052774116396904
dihedral 17152 17151 17153 17155 200 -2.397235155105591
dihedral 17174 17173 17175 17177 200 0.48571348190307617
dihedral 17188 17187 17189 17191 200 -0.28136470913887024
dihedral 17202 17201 17203 17205 200 -2.5619966983795166
dihedral 17214 17213 17215 17217 200 4.768653392791748
dihedral 17230 17229 17231 17233 200 3.380403995513916
dihedral 17245 17244 17246 17248 200 2.5520946979522705
dihedral 17256 17255 17257 17259 200 5.456795692443848
dihedral 17272 17271 17273 17275 200 4.714379787445068
dihedral 17291 17290 17292 17296 200 0.6320717334747314
dihedral 17305 17304 17306 17308 200 -5.544468879699707
dihedral 17325 17324 17326 17328 200 6.265468597412109
dihedral 17349 17348 17350 17352 200 5.92807674407959
dihedral 17361 17360 17362 17364 200 -4.990413665771484
dihedral 17372 17371 17373 17375 200 1.7406795024871826
dihedral 17383 17382 17384 17386 200 -0.8689151406288147
dihedral 17397 17396 17398 17402 200 -3.712493419647217
dihedral 17411 17410 17412 17414 200 7.875178337097168
dihedral 17425 17424 17426 17428 200 -0.05828196555376053
dihedral 17449 17448 17450 17452 200 2.117638111114502
dihedral 17468 17467 17469 17471 200 -0.5456734895706177
dihedral 17482 17481 17483 17485 200 -7.084869861602783
dihedral 17501 17500 17502 17504 200 -4.454144477844238
dihedral 17515 17514 17516 17518 200 9.156545639038086
dihedral 17522 17521 17523 17525 200 5.303293228149414
dihedral 17541 17540 17542 17544 200 -2.5572946071624756
dihedral 17558 17557 17559 17561 200 1.2070717811584473
dihedral 17582 17581 17583 17585 200 -0.8595107793807983
dihedral 17596 17595 17597 17599 200 11.17672348022461
dihedral 17608 17607 17609 17611 200 6.476408958435059
dihedral 17624 17623 17625 17627 200 3.422105073928833
dihedral 17640 17639 17641 17643 200 1.074203610420227
dihedral 17657 17656 17658 17660 200 -5.046570777893066
dihedral 17681 17680 17682 17684 200 5.403031349182129
dihedral 17697 17696 17698 17700 200 0.5315191149711609
dihedral 17704 17703 17705 17707 200 2.1171364784240723
dihedral 17719 17718 17720 17722 200 -8.963922500610352
dihedral 17739 17738 17740 17742 200 -0.4411557614803314
dihedral 17759 17758 17760 17762 200 1.0989468097686768
dihedral 17766 17765 17767 17769 200 2.397284507751465
dihedral 17785 17784 17786 17788 200 1.0717167854309082
dihedral 17802 17801 17803 17807 200 3.303658962249756
dihedral 17816 17815 17817 17819 200 -0.3132947087287903
dihedral 17835 17834 17836 17838 200 -2.3205583095550537
dihedral 17851 17850 17852 17854 200 2.0129692554473877
dihedral 17870 17869 17871 17873 200 4.211997985839844
dihedral 17885 17884 17886 17888 200 -6.7936110496521
dihedral 17897 17896 17898 17900 200 -6.425731182098389
dihedral 17916 17915 17917 17919 200 4.5274658203125
dihedral 17935 17934 17936 17938 200 -5.719973087310791
dihedral 17949 17948 17950 17952 200 7.1606245040893555
dihedral 17965 17964 17966 17968 200 -4.2225341796875
dihedral 17982 17981 17983 17985 200 2.3509795665740967
dihedral 17999 17998 18000 18002 200 -7.169245719909668
dihedral 18023 18022 18024 18028 200 9.281336784362793
dihedral 18037 18036 18038 18040 200 1.3191649913787842
dihedral 18059 18058 18060 18062 200 -3.9999356269836426
dihedral 18075 18074 18076 18078 200 -5.830386638641357
dihedral 18090 18089 18091 18093 200 -2.6053786277770996
dihedral 18110 18109 18111 18113 200 -1.068706750869751
dihedral 18130 18129 18131 18133 200 -3.6628503799438477
dihedral 18145 18144 18146 18148 200 -1.5500696897506714
dihedral 18159 18158 18160 18162 200 9.733230590820313
dihedral 18180 18179 18181 18183 200 -2.906057834625244
dihedral 18196 18195 18197 18199 200 1.8797940015792847
dihedral 18216 18215 18217 18219 200 -4.121398448944092
dihedral 18235 18234 18236 18238 200 -5.4338555335998535
dihedral 18251 18250 18252 18254 200 -0.8305529952049255
dihedral 18270 18269 18271 18273 200 0.1876000612974167
dihedral 18292 18291 18293 18295 200 -5.3251824378967285
dihedral 18309 18308 18310 18312 200 0.466378390789032
dihedral 18329 18328 18330 18332 200 -1.7934120893478394
dihedral 18343 18342 18344 18346 200 2.1155402660369873
dihedral 18364 18363 18365 18367 200 -2.7162628173828125
dihedral 18376 18375 18377 18379 200 -4.223182201385498
dihedral 18398 18397 18399 18401 200 6.80035400390625
dihedral 18412 18411 18413 18415 200 2.71511173248291
dihedral 18431 18430 18432 18434 200 -0.4900430738925934
dihedral 18448 18447 18449 18451 200 1.6998896598815918
dihedral 18463 18462 18464 18466 200 0.7791862487792969
dihedral 18482 18481 18483 18485 200 -7.770253658294678
dihedral 18497 18496 18498 18500 200 1.1562881469726563
dihedral 18508 18507 18509 18511 200 -8.622566223144531
dihedral 18523 18522 18524 18526 200 3.08054518699646
dihedral 18540 18539 18541 18543 200 0.49584314227104187
dihedral 18556 18555 18557 18559 200 -3.0416440963745117
dihedral 18567 18566 18568 18570 200 3.8066647052764893
dihedral 18586 18585 18587 18589 200 -2.8944525718688965
dihedral 18605 18604 18606 18608 200 1.9382941722869873
dihedral 18624 18623 18625 18627 200 -3.9698805809020996
dihedral 18638 18637 18639 18641 200 1.4715625047683716
dihedral 18660 18659 18661 18663 200 2.2025835514068604
dihedral 18674 18673 18675 18677 200 8.29870319366455
dihedral 18685 18684 18686 18688 200 -5.323169231414795
dihedral 18701 18700 18702 18704 200 2.9141905307769775
dihedral 18720 18719 18721 18723 200 -6.1163530349731445
dihedral 18737 18736 18738 18740 200 1.4069273471832275
dihedral 18757 18756 18758 18760 200 1.3639450073242188
dihedral 18774 18773 18775 18777 200 -7.31649923324585
dihedral 18789 18788 18790 18792 200 -0.9404615759849548
dihedral 18811 18810 18812 18814 200 1.5386732816696167
dihedral 18830 18829 18831 18833 200 -3.1133718490600586
dihedral 18837 18836 18838 18840 200 -4.850918769836426
dihedral 18849 18848 18850 18852 200 0.5652385354042053
dihedral 18865 18864 18866 18868 200 1.84461510181427
dihedral 18885 18884 18886 18888 200 -0.5253016948699951
dihedral 18897 18896 18898 18902 200 -1.0771631002426147
dihedral 18911 18910 18912 18914 200 -5.802563190460205
dihedral 18927 18926 18928 18930 200 1.5091674327850342
dihedral 18951 18950 18952 18954 200 -2.260993480682373
dihedral 18966 18965 18967 18969 200 -2.6473000049591064
dihedral 18990 18989 18991 18993 200 -4.2274298667907715
dihedral 19009 19008 19010 19012 200 7.341526031494141
dihedral 19033 19032 19034 19036 200 7.921821594238281
dihedral 19054 19053 19055 19057 200 -1.1329283714294434
dihedral 19068 19067 19069 19071 200 4.787845134735107
dihedral 19092 19091 19093 19095 200 -2.3349692821502686
dihedral 19099 19098 19100 19102 200 -0.7481200695037842
dihedral 19118 19117 19119 19121 200 6.253635406494141
dihedral 19137 19136 19138 19140 200 -2.262702465057373
dihedral 19161 19160 19162 19164 200 4.178915977478027
dihedral 19183 19182 19184 19186 200 5.012007236480713
dihedral 19205 19204 19206 19208 200 6.202699184417725
dihedral 19229 19228 19230 19232 200 3.951510429382324
dihedral 19239 19238 19240 19242 200 -0.06756903231143951
dihedral 19251 19250 19252 19254 200 -3.1696629524230957
dihedral 19272 19271 19273 19275 200 -0.9016638398170471
dihedral 19291 19290 19292 19294 200 -6.753741264343262
dihedral 19310 19309 19311 19313 200 0.4119006097316742
dihedral 19331 19330 19332 19334 200 -3.468193292617798
dihedral 19342 19341 19343 19345 200 -9.401911735534668
dihedral 19361 19360 19362 19364 200 -4.197447776794434
dihedral 19380 19379 19381 19383 200 -0.7846036553382874
dihedral 19392 19391 19393 19395 200 0.921728789806366
dihedral 19402 19401 19403 19405 200 -0.11955893039703369
dihedral 19421 19420 19422 19424 200 -4.204939365386963
dihedral 19437 19436 19438 19440 200 2.132176637649536
dihedral 19449 19448 19450 19452 200 1.689113736152649
dihedral 19461 19460 19462 19464 200 -1.2537404298782349
dihedral 19482 19481 19483 19485 200 -1.468717098236084
dihedral 19502 19501 19503 19505 200 -4.127010822296143
dihedral 19518 19517 19519 19521 200 0.5665205121040344
dihedral 19537 19536 19538 19540 200 7.8169636726379395
dihedral 19556 19555 19557 19559 200 1.4844001531600952
dihedral 19571 19570 19572 19574 200 -4.713940620422363
dihedral 19593 19592 19594 19596 200 -1.2223879098892212
dihedral 19612 19611 19613 19615 200 4.477128505706787
dihedral 19624 19623 19625 19627 200 -5.275238037109375
dihedral 19636 19635 19637 19639 200 2.977466106414795
dihedral 19651 19650 19652 19654 200 -3.0455148220062256
dihedral 19670 19669 19671 19673 200 -0.17510831356048584
dihedral 19682 19681 19683 19685 200 -1.8699222803115845
dihedral 19698 19697 19699 19701 200 -0.038986776024103165
dihedral 19717 19716 19718 19720 200 -0.2509901821613312
dihedral 19732 19731 19733 19735 200 3.072911024093628
dihedral 19747 19746 19748 19750 200 -0.9015150666236877
dihedral 19762 19761 19763 19765 200 0.3854532837867737
dihedral 19778 19777 19779 19781 200 0.9064282178878784
dihedral 19797 19796 19798 19800 200 -0.0036103043239563704
dihedral 19812 19811 19813 19815 200 1.5646276473999023
dihedral 19836 19835 19837 19841 200 -1.1511229276657104
dihedral 19850 19849 19851 19853 200 2.138850450515747
dihedral 19865 19864 19866 19868 200 -6.252755641937256
dihedral 19887 19886 19888 19890 200 -3.7996249198913574
dihedral 19902 19901 19903 19905 200 0.3739207983016968
dihedral 19916 19915 19917 19919 200 -5.790515899658203
dihedral 19932 19931 19933 19935 200 -3.8438961505889893
dihedral 19949 19948 19950 19952 200 -6.044502258300781
dihedral 19973 19972 19974 19976 200 -3.3317716121673584
dihedral 19987 19986 19988 19990 200 0.029004471376538277
dihedral 20004 20003 20005 20007 200 -0.365290105342865
dihedral 20021 20020 20022 20024 200 -7.938597679138184
dihedral 20040 20039 20041 20043 200 4.000288009643555
dihedral 20062 20061 20063 20065 200 3.175595998764038
dihedral 20086 20085 20087 20089 200 -0.6122424602508545
dihedral 20100 20099 20101 20103 200 3.867854118347168
dihedral 20119 20118 20120 20122 200 -0.7230471968650818
dihedral 20135 20134 20136 20138 200 2.146368980407715
dihedral 20150 20149 20151 20153 200 0.024008743464946747
dihedral 20169 20168 20170 20172 200 -0.7612654566764832
dihedral 20193 20192 20194 20196 200 1.2152069807052612
dihedral 20215 20214 20216 20218 200 0.847575843334198
dihedral 20229 20228 20230 20232 200 2.597846031188965
dihedral 20248 20247 20249 20251 200 9.064936637878418
dihedral 20272 20271 20273 20277 200 0.7730027437210083
dihedral 20286 20285 20287 20289 200 1.7077592611312866
dihedral 20305 20304 20306 20308 200 -5.153985023498535
dihedral 20329 20328 20330 20332 200 -3.7648019790649414
dihedral 20344 20343 20345 20347 200 -3.653993606567383
dihedral 20360 20359 20361 20363 200 -4.931751251220703
dihedral 20379 20378 20380 20382 200 -2.070514678955078
dihedral 20390 20389 20391 20393 200 -3.5014729499816895
dihedral 20401 20400 20402 20404 200 -6.227227687835693
dihedral 20420 20419 20421 20423 200 1.7897037267684937
dihedral 20441 20440 20442 20444 200 -3.362475633621216
dihedral 20465 20464 20466 20468 200 5.925167560577393
dihedral 20477 20476 20478 20480 200 9.443406105041504
dihedral 20493 20492 20494 20498 200 -4.700604438781738
dihedral 20507 20506 20508 20512 200 8.727739334106445
dihedral 20521 20520 20522 20524 200 -3.3418211936950684
dihedral 20540 20539 20541 20543 200 2.1376283168792725
dihedral 20559 20558 20560 20562 200 -0.14274698495864868
dihedral 20574 20573 20575 20577 200 -2.7555530071258545
dihedral 20596 20595 20597 20599 200 -3.1245598793029785
dihedral 20611 20610 20612 20614 200 5.645478248596191
dihedral 20625 20624 20626 20628 200 2.854856014251709
dihedral 20641 20640 20642 20646 200 -2.767770767211914
dihedral 20655 20654 20656 20658 200 -2.6124935150146484
dihedral 20676 20675 20677 20679 200 13.623529434204102
dihedral 20696 20695 20697 20699 200 -1.7417906522750854
dihedral 20720 20719 20721 20723 200 -3.6916003227233887
dihedral 20732 20731 20733 20735 200 -4.078156471252441
dihedral 20748 20747 20749 20751 200 -5.926082134246826
dihedral 20769 20768 20770 20772 200 -0.7930221557617188
dihedral 20781 20780 20782 20784 200 0.5830843448638916
dihedral 20798 20797 20799 20801 200 2.4118528366088867
dihedral 20812 20811 20813 20815 200 -5.825376033782959
dihedral 20831 20830 20832 20834 200 -4.904324054718018
dihedral 20848 20847 20849 20851 200 -1.238922357559204
dihedral 20867 20866 20868 20870 200 0.016515690833330154
dihedral 20877 20876 20878 20880 200 -5.541522026062012
dihedral 20889 20888 20890 20892 200 -0.5204160809516907
dihedral 20903 20902 20904 20906 200 -7.5060834884643555
dihedral 20919 20918 20920 20922 200 -1.1113438606262207
dihedral 20934 20933 20935 20937 200 -0.6772886514663696
dihedral 20948 20947 20949 20951 200 1.7634423971176147
dihedral 20968 20967 20969 20971 200 -1.493543028831482
dihedral 20992 20991 20993 20995 200 -2.4454102516174316
dihedral 21004 21003 21005 21007 200 1.7456337213516235
dihedral 21023 21022 21024 21026 200 -0.7657960653305054
dihedral 21039 21038 21040 21042 200 0.603947103023529
dihedral 21050 21049 21051 21053 200 -0.4454760253429413
dihedral 21057 21056 21058 21060 200 -0.13251084089279175
dihedral 21076 21075 21077 21079 200 -0.7057170271873474
dihedral 21095 21094 21096 21098 200 4.5217604637146
dihedral 21107 21106 21108 21110 200 -2.438493013381958
dihedral 21123 21122 21124 21126 200 -2.052182197570801
dihedral 21144 21143 21145 21147 200 4.137128829956055
dihedral 21163 21162 21164 21166 200 4.112161159515381
dihedral 21174 21173 21175 21177 200 1.7968206405639648
dihedral 21185 21184 21186 21188 200 -2.0879557132720947
dihedral 21201 21200 21202 21204 200 -5.940609455108643
dihedral 21212 21211 21213 21215 200 -6.166057586669922
dihedral 21226 21225 21227 21229 200 -1.0066986083984375
dihedral 21248 21247 21249 21251 200 -5.978662967681885
dihedral 21262 21261 21263 21265 200 -0.6100374460220337
dihedral 21276 21275 21277 21279 200 1.8494237661361694
dihedral 21291 21290 21292 21294 200 -1.3500148057937622
dihedral 21307 21306 21308 21310 200 6.710137844085693
dihedral 21324 21323 21325 21327 200 -3.3574795722961426
dihedral 21346 21345 21347 21349 200 1.2259938716888428
dihedral 21362 21361 21363 21365 200 -1.2929621934890747
dihedral 21381 21380 21382 21384 200 -2.1549854278564453
dihedral 21395 21394 21396 21398 200 3.311079502105713
dihedral 21414 21413 21415 21417 200 4.009237766265869
dihedral 21433 21432 21434 21436 200 4.718784332275391
dihedral 21443 21442 21444 21446 200 4.318167209625244
dihedral 21457 21456 21458 21460 200 2.2097039222717285
dihedral 21476 21475 21477 21479 200 7.257879257202148
dihedral 21496 21495 21497 21499 200 -3.5906636714935303
dihedral 21513 21512 21514 21518 200 -3.719882011413574
dihedral 21527 21526 21528 21530 200 -0.733256459236145
dihedral 21546 21545 21547 21549 200 -4.242328643798828
dihedral 21560 21559 21561 21563 200 -8.548842430114746
dihedral 21580 21579 21581 21583 200 -1.2096346616744995
dihedral 21599 21598 21600 21602 200 2.504486083984375
dihedral 21609 21608 21610 21612 200 -2.256225347518921
dihedral 21616 21615 21617 21619 200 -0.008843449875712395
dihedral 21635 21634 21636 21638 200 -1.305782437324524
dihedral 21656 21655 21657 21659 200 -8.0155668258667
dihedral 21663 21662 21664 21666 200 -2.297865867614746
dihedral 21680 21679 21681 21683 200 2.5942938327789307
dihedral 21694 21693 21695 21697 200 5.896630764007568
dihedral 21714 21713 21715 21717 200 2.021049737930298
dihedral 21729 21728 21730 21732 200 1.9896200895309448
dihedral 21750 21749 21751 21753 200 -0.7801342010498047
dihedral 21767 21766 21768 21772 200 -2.0724921226501465
dihedral 21781 21780 21782 21784 200 0.1736694574356079
dihedral 21796 21795 21797 21799 200 3.1558828353881836
dihedral 21815 21814 21816 21818 200 -3.953172206878662
dihedral 21839 21838 21840 21842 200 -3.0307180881500244
dihedral 21863 21862 21864 21866 200 -2.322899580001831
dihedral 21885 21884 21886 21888 200 0.1347847431898117
dihedral 21909 21908 21910 21912 200 5.168120861053467
dihedral 21916 21915 21917 21919 200 0.5689231157302856
dihedral 21937 21936 21938 21942 200 10.225858688354492
dihedral 21951 21950 21952 21954 200 7.428776741027832
dihedral 21967 21966 21968 21970 200 5.370453834533691
dihedral 21983 21982 21984 21986 200 2.5771713256835938
dihedral 22002 22001 22003 22005 200 2.2555253505706787
dihedral 22012 22011 22013 22015 200 5.368583679199219
dihedral 22028 22027 22029 22031 200 1.0443140268325806
dihedral 22045 22044 22046 22048 200 1.298823356628418
dihedral 22052 22051 22053 22055 200 3.576751232147217
dihedral 22068 22067 22069 22071 200 0.49993059039115906
dihedral 22087 22086 22088 22090 200 1.5652437210083008
dihedral 22097 22096 22098 22100 200 2.300999402999878
dihedral 22113 22112 22114 22116 200 5.966347694396973
dihedral 22132 22131 22133 22135 200 1.2278497219085693
dihedral 22149 22148 22150 22152 200 -7.581834316253662
dihedral 22165 22164 22166 22168 200 -5.944087505340576
dihedral 22181 22180 22182 22184 200 -2.79919171333313
dihedral 22202 22201 22203 22205 200 -4.700517654418945
dihedral 22222 22221 22223 22225 200 3.7924511432647705
dihedral 22244 22243 22245 22247 200 0.9979645013809204
dihedral 22266 22265 22267 22269 200 -0.040704451501369476
dihedral 22288 22287 22289 22291 200 -4.063847064971924
dihedral 22332 22331 22333 22335 200 4.124590873718262
dihedral 22348 22347 22349 22351 200 -5.0176801681518555
dihedral 22369 22368 22370 22372 200 3.1401991844177246
dihedral 22383 22382 22384 22386 200 -0.02857440710067749
dihedral 22390 22389 22391 22393 200 2.6404707431793213
dihedral 22412 22411 22413 22415 200 0.45117875933647156
dihedral 22433 22432 22434 22436 200 -5.221710681915283
dihedral 22457 22456 22458 22460 200 9.649881362915039
dihedral 22472 22471 22473 22475 200 4.836472511291504
dihedral 22484 22483 22485 22487 200 5.9373040199279785
dihedral 22504 22503 22505 22507 200 4.800479412078857
dihedral 22519 22518 22520 22522 200 -5.595290184020996
dihedral 22538 22537 22539 22541 200 -7.307468414306641
dihedral 22553 22552 22554 22556 200 4.750936508178711
dihedral 22569 22568 22570 22572 200 -1.6789859533309937
dihedral 22586 22585 22587 22589 200 -2.4499106407165527
dihedral 22600 22599 22601 22603 200 7.482062339782715
dihedral 22621 22620 22622 22624 200 -3.5171189308166504
dihedral 22632 22631 22633 22635 200 -2.474864959716797
dihedral 22651 22650 22652 22654 200 5.382917881011963
dihedral 22666 22665 22667 22669 200 3.2864365577697754
dihedral 22681 22680 22682 22684 200 -3.0423691272735596
dihedral 22701 22700 22702 22704 200 -7.461371898651123
dihedral 22725 22724 22726 22728 200 -1.4666683673858643
dihedral 22740 22739 22741 22743 200 3.210447311401367
dihedral 22760 22759 22761 22763 200 -0.4762125313282013
dihedral 22782 22781 22783 22785 200 -2.764658212661743
dihedral 22796 22795 22797 22799 200 1.5618526935577393
dihedral 22810 22809 22811 22813 200 -2.178480863571167
dihedral 22822 22821 22823 22825 200 1.4286383390426636
dihedral 22838 22837 22839 22841 200 0.49329692125320435
dihedral 22853 22852 22854 22856 200 4.951776027679443
dihedral 22864 22863 22865 22867 200 5.06477689743042
dihedral 22880 22879 22881 22883 200 1.8113309144973755
dihedral 22899 22898 22900 22904 200 2.938277006149292
dihedral 22913 22912 22914 22916 200 -3.416597604751587
dihedral 22933 22932 22934 22936 200 -4.793848514556885
dihedral 22957 22956 22958 22960 200 1.164622187614441
dihedral 22969 22968 22970 22972 200 -2.4294917583465576
dihedral 22980 22979 22981 22983 200 0.03598947823047638
dihedral 22991 22990 22992 22994 200 -7.762901306152344
dihedral 23005 23004 23006 23010 200 0.37624743580818176
dihedral 23019 23018 23020 23022 200 4.252475738525391
dihedral 23033 23032 23034 23036 200 -4.137692451477051
dihedral 23057 23056 23058 23060 200 6.0534210205078125
dihedral 23076 23075 23077 23079 200 -4.083885669708252
dihedral 23090 23089 23091 23093 200 -2.848341941833496
dihedral 23109 23108 23110 23112 200 -2.531611919403076
dihedral 23123 23122 23124 23126 200 3.5023820400238037
dihedral 23130 23129 23131 23133 200 2.912425994873047
dihedral 23149 23148 23150 23152 200 -6.147432804107666
dihedral 23166 23165 23167 23169 200 2.021632671356201
dihedral 23190 23189 23191 23193 200 1.6380062103271484
dihedral 23204 23203 23205 23207 200 2.9430758953094482
dihedral 23216 23215 23217 23219 200 -3.3386597633361816
dihedral 23232 23231 23233 23235 200 -3.4335808753967285
dihedral 23248 23247 23249 23251 200 0.022787708789110184
dihedral 23265 23264 23266 23268 200 2.1315622329711914
dihedral 23289 23288 23290 23292 200 -0.6535421013832092
dihedral 23305 23304 23306 23308 200 0.23532165586948395
dihedral 23312 23311 23313 23315 200 -3.942532539367676
dihedral 23327 23326 23328 23330 200 -1.8635386228561401
dihedral 23347 23346 23348 23350 200 -4.400402069091797
dihedral 23367 23366 23368 23370 200 -0.2617402970790863
dihedral 23374 23373 23375 23377 200 9.057162284851074
dihedral 23393 23392 23394 23396 200 -4.9102373123168945
dihedral 23410 23409 23411 23415 200 2.0052144527435303
dihedral 23424 23423 23425 23427 200 -2.0515999794006348
dihedral 23443 23442 23444 23446 200 1.2566522359848022
dihedral 23459 23458 23460 23462 200 -1.0413755178451538
dihedral 23478 23477 23479 23481 200 4.995987415313721
dihedral 23493 23492 23494 23496 200 -2.990596055984497
dihedral 23505 23504 23506 23508 200 -2.254977226257324
dihedral 23524 23523 23525 23527 200 -0.032708022743463516
dihedral 23543 23542 23544 23546 200 -11.456428527832031
dihedral 23557 23556 23558 23560 200 6.503577709197998
dihedral 23573 23572 23574 23576 200 -4.438551425933838
dihedral 23590 23589 23591 23593 200 6.49510383605957
dihedral 23607 23606 23608 23610 200 1.512588620185852
dihedral 23631 23630 23632 23636 200 1.5578480958938599
dihedral 23645 23644 23646 23648 200 0.8781827092170715
dihedral 23667 23666 23668 23670 200 -0.28605949878692627
dihedral 23683 23682 23684 23686 200 -6.896456241607666
dihedral 23698 23697 23699 23701 200 -8.500772476196289
dihedral 23718 23717 23719 23721 200 -2.1640126705169678
dihedral 23738 23737 23739 23741 200 -0.043677184730768204
dihedral 23753 23752 23754 23756 200 3.7949090003967285
dihedral 23767 23766 23768 23770 200 11.433001518249512
dihedral 23788 23787 23789 23791 200 1.9788590669631958
dihedral 23804 23803 23805 23807 200 0.26443809270858765
dihedral 23824 23823 23825 23827 200 1.6096738576889038
dihedral 23843 23842 23844 23846 200 -1.5577224493026733
dihedral 23859 23858 23860 23862 200 -1.6354018449783325
dihedral 23878 23877 23879 23881 200 -0.8376209735870361
dihedral 23900 23899 23901 23903 200 -7.635003089904785
dihedral 23917 23916 23918 23920 200 1.0118625164031982
dihedral 23937 23936 23938 23940 200 0.1846562623977661
dihedral 23951 23950 23952 23954 200 0.5540520548820496
dihedral 23972 23971 23973 23975 200 -5.119503498077393
dihedral 23984 23983 23985 23987 200 8.24998664855957
dihedral 24006 24005 24007 24009 200 2.942279577255249
dihedral 24020 24019 24021 24023 200 -8.983509063720703
dihedral 24039 24038 24040 24042 200 2.375706195831299
dihedral 24056 24055 24057 24059 200 -0.317935049533844
dihedral 24071 24070 24072 24074 200 -3.3319990634918213
dihedral 24090 24089 24091 24093 200 -4.580529689788818
dihedral 24105 24104 24106 24108 200 4.031322002410889
dihedral 24116 24115 24117 24119 200 -4.7644476890563965
dihedral 24131 24130 24132 24134 200 1.8265050649642944
dihedral 24148 24147 24149 24151 200 -1.7717868089675903
dihedral 24164 24163 24165 24167 200 -1.3728119134902954
dihedral 24175 24174 24176 24178 200 -3.8528029918670654
dihedral 24194 24193 24195 24197 200 -0.9743359088897705
dihedral 24213 24212 24214 24216 200 0.8810043931007385
dihedral 24232 24231 24233 24235 200 -7.607883930206299
dihedral 24246 24245 24247 24249 200 4.279648780822754
dihedral 24268 24267 24269 24271 200 -1.9463627338409424
dihedral 24282 24281 24283 24285 200 3.3297886848449707
dihedral 24293 24292 24294 24296 200 -4.739317417144775
dihedral 24309 24308 24310 24312 200 1.3342225551605225
dihedral 24328 24327 24329 24331 200 -3.9101028442382813
dihedral 24345 24344 24346 24348 200 5.673084259033203
dihedral 24365 24364 24366 24368 200 -2.7056283950805664
dihedral 24382 24381 24383 24385 200 -10.405953407287598
dihedral 24397 24396 24398 24400 200 4.2123003005981445
dihedral 24419 24418 24420 24422 200 3.959012508392334
dihedral 24438 24437 24439 24441 200 -4.624156951904297
dihedral 24445 24444 24446 24448 200 -5.271480560302734
dihedral 24457 24456 24458 24460 200 1.002469778060913
dihedral 24473 24472 24474 24476 200 5.953001022338867
dihedral 24493 24492 24494 24496 200 -5.248875617980957
dihedral 24505 24504 24506 24510 200 -2.5814411640167236
dihedral 24519 24518 24520 24522 200 -6.3967413902282715
dihedral 24535 24534 24536 24538 200 -3.6798019409179688
dihedral 24559 24558 24560 24562 200 -2.1515696048736572
dihedral 24574 24573 24575 24577 200 3.5957934856414795
dihedral 24598 24597 24599 24601 200 -4.598048210144043
dihedral 24617 24616 24618 24620 200 4.985776424407959
dihedral 24641 24640 24642 24644 200 5.977056980133057
dihedral 24662 24661 24663 24665 200 5.090694904327393
dihedral 24676 24675 24677 24679 200 -1.1364375352859497
dihedral 24700 24699 24701 24703 200 4.405538082122803
dihedral 24707 24706 24708 24710 200 4.632475852966309
dihedral 24726 24725 24727 24729 200 3.884385347366333
dihedral 24745 24744 24746 24748 200 -4.224897861480713
dihedral 24769 24768 24770 24772 200 7.752501964569092
dihedral 24791 24790 24792 24794 200 4.30668306350708
dihedral 24813 24812 24814 24816 200 2.265425205230713
dihedral 24837 24836 24838 24840 200 -1.2503972053527832
dihedral 24847 24846 24848 24850 200 -4.106479644775391
dihedral 24859 24858 24860 24862 200 -5.574087619781494
dihedral 24880 24879 24881 24883 200 -5.816518306732178
dihedral 24899 24898 24900 24902 200 -5.458824157714844
dihedral 24918 24917 24919 24921 200 -5.58488130569458
dihedral 24939 24938 24940 24942 200 3.554638147354126
dihedral 24950 24949 24951 24953 200 -1.5128155946731567
dihedral 24969 24968 24970 24972 200 -1.2770369052886963
dihedral 24988 24987 24989 24991 200 -1.2714403867721558
dihedral 25000 24999 25001 25003 200 -1.658557415008545
dihedral 25010 25009 25011 25013 200 -1.180303931236267
dihedral 25029 25028 25030 25032 200 -3.7169504165649414
dihedral 25045 25044 25046 25048 200 1.257552981376648
dihedral 25057 25056 25058 25060 200 2.289496421813965
dihedral 25069 25068 25070 25072 200 1.3722788095474243
dihedral 25090 25089 25091 25093 200 -0.9663137197494507
dihedral 25110 25109 25111 25113 200 -2.845334529876709
dihedral 25126 25125 25127 25129 200 -0.8914486169815063
dihedral 25145 25144 25146 25148 200 -0.041356705129146576
dihedral 25164 25163 25165 25167 200 0.6361656785011292
dihedral 25179 25178 25180 25182 200 -1.845893144607544
dihedral 25201 25200 25202 25204 200 3.1195497512817383
dihedral 25220 25219 25221 25223 200 3.5918312072753906
dihedral 25232 25231 25233 25235 200 -1.0210514068603516
dihedral 25244 25243 25245 25247 200 -6.658700942993164
dihedral 25259 25258 25260 25262 200 -6.788821697235107
dihedral 25278 25277 25279 25281 200 -0.6654775738716125
dihedral 25290 25289 25291 25293 200 -7.263662815093994
dihedral 25306 25305 25307 25309 200 1.6076276302337646
dihedral 25325 25324 25326 25328 200 -0.3374544680118561
dihedral 25340 25339 25341 25343 200 -2.998920440673828
dihedral 25355 25354 25356 25358 200 0.9004160165786743
dihedral 25370 25369 25371 25373 200 -1.9434114694595337
dihedral 25386 25385 25387 25389 200 -5.227941513061523
dihedral 25405 25404 25406 25408 200 6.350769996643066
dihedral 25420 25419 25421 25423 200 9.085914611816406
dihedral 25444 25443 25445 25449 200 -3.0014705657958984
dihedral 25458 25457 25459 25461 200 1.6052768230438232
dihedral 25473 25472 25474 25476 200 1.9916270971298218
dihedral 25495 25494 25496 25498 200 -8.643171310424805
dihedral 25510 25509 25511 25513 200 2.2184901237487793
dihedral 25524 25523 25525 25527 200 3.172865867614746
dihedral 25540 25539 25541 25543 200 -1.2560943365097046
dihedral 25557 25556 25558 25560 200 -7.206148147583008
dihedral 25581 25580 25582 25584 200 6.080836296081543
dihedral 25595 25594 25596 25598 200 5.127415657043457
dihedral 25612 25611 25613 25615 200 -1.1015963554382324
dihedral 25629 25628 25630 25632 200 -7.597448348999023
dihedral 25648 25647 25649 25651 200 -8.766288757324219
dihedral 25670 25669 25671 25673 200 1.3113511800765991
dihedral 25694 25693 25695 25697 200 -3.8427963256835938
dihedral 25708 25707 25709 25711 200 -5.71574068069458
dihedral 25727 25726 25728 25730 200 -7.338442325592041
dihedral 25743 25742 25744 25746 200 1.753759503364563
dihedral 25758 25757 25759 25761 200 5.131412982940674
dihedral 25777 25776 25778 25780 200 0.7039930820465088
dihedral 25801 25800 25802 25804 200 -1.8618557453155518
dihedral 25823 25822 25824 25826 200 -1.7531605958938599
dihedral 25837 25836 25838 25840 200 6.96021842956543
dihedral 25856 25855 25857 25859 200 -2.2128536701202393
dihedral 25880 25879 25881 25885 200 -5.084023475646973
dihedral 25894 25893 25895 25897 200 -0.277180552482605
dihedral 25913 25912 25914 25916 200 -4.468002796173096
dihedral 25937 25936 25938 25940 200 2.411454439163208
dihedral 25952 25951 25953 25955 200 -7.374773979187012
dihedral 25968 25967 25969 25971 200 -3.946310520172119
dihedral 25987 25986 25988 25990 200 7.075852394104004
dihedral 25998 25997 25999 26001 200 -2.8351213932037354
dihedral 26009 26008 26010 26012 200 1.9569960832595825
dihedral 26028 26027 26029 26031 200 1.7553250789642334
dihedral 26049 26048 26050 26052 200 7.406794548034668
dihedral 26073 26072 26074 26076 200 4.574642181396484
dihedral 26085 26084 26086 26088 200 16.052921295166016
dihedral 26101 26100 26102 26106 200 -0.6866044998168945
dihedral 26115 26114 26116 26120 200 -0.3350832164287567
dihedral 26129 26128 26130 26132 200 3.0437772274017334
dihedral 26148 26147 26149 26151 200 -0.1832912117242813
dihedral 26167 26166 26168 26170 200 -5.548803806304932
dihedral 26182 26181 26183 26185 200 2.0592992305755615
dihedral 26204 26203 26205 26207 200 7.911654949188232
dihedral 26219 26218 26220 26222 200 5.570406913757324
dihedral 26233 26232 26234 26236 200 6.764012336730957
dihedral 26249 26248 26250 26254 200 -1.193297028541565
dihedral 26263 26262 26264 26266 200 -8.77846908569336
dihedral 26284 26283 26285 26287 200 -2.330721616744995
dihedral 26304 26303 26305 26307 200 -3.165430784225464
dihedral 26328 26327 26329 26331 200 -4.789494037628174
dihedral 26340 26339 26341 26343 200 -4.057882308959961
dihedral 26356 26355 26357 26359 200 2.886777877807617
dihedral 26377 26376 26378 26380 200 -5.717850208282471
dihedral 26389 26388 26390 26392 200 2.848005533218384
dihedral 26406 26405 26407 26409 200 1.7306076288223267
dihedral 26420 26419 26421 26423 200 -6.342719554901123
dihedral 26439 26438 26440 26442 200 0.8362680077552795
dihedral 26456 26455 26457 26459 200 -0.14641298353672028
dihedral 26475 26474 26476 26478 200 3.084947109222412
dihedral 26485 26484 26486 26488 200 0.152433380484581
dihedral 26497 26496 26498 26500 200 -7.59542989730835
dihedral 26511 26510 26512 26514 200 -0.7769701480865479
dihedral 26527 26526 26528 26530 200 -0.1653364896774292
dihedral 26542 26541 26543 26545 200 -2.6473898887634277
dihedral 26556 26555 26557 26559 200 -0.40243521332740784
dihedral 26576 26575 26577 26579 200 -1.733351707458496
dihedral 26600 26599 26601 26603 200 0.3303612172603607
dihedral 26612 26611 26613 26615 200 -3.7223002910614014
dihedral 26631 26630 26632 26634 200 1.390097737312317
dihedral 26647 26646 26648 26650 200 8.709470748901367
dihedral 26658 26657 26659 26661 200 -1.814501404762268
dihedral 26665 26664 26666 26668 200 5.1658196449279785
dihedral 26684 26683 26685 26687 200 -2.1903209686279297
dihedral 26703 26702 26704 26706 200 1.0268566608428955
dihedral 26715 26714 26716 26718 200 -3.348907947540283
dihedral 26731 26730 26732 26734 200 -4.326616287231445
dihedral 26752 26751 26753 26755 200 -1.6948729753494263
dihedral 26771 26770 26772 26774 200 -1.0488628149032593
dihedral 26782 26781 26783 26785 200 4.292172908782959
dihedral 26793 26792 26794 26796 200 1.1256685256958008
dihedral 26809 26808 26810 26812 200 0.4811214804649353
dihedral 26820 26819 26821 26823 200 0.6492958664894104
dihedral 26834 26833 26835 26837 200 0.7159955501556396
dihedral 26856 26855 26857 26859 200 -1.6276775598526
dihedral 26870 26869 26871 26873 200 -1.2616312503814697
dihedral 26884 26883 26885 26887 200 -4.013335704803467
dihedral 26899 26898 26900 26902 200 -4.9263834953308105
dihedral 26915 26914 26916 26918 200 -2.0586771965026855
dihedral 26932 26931 26933 26935 200 -4.668845176696777
dihedral 26954 26953 26955 26957 200 -0.39975661039352417
dihedral 26970 26969 26971 26973 200 1.564067006111145
dihedral 26989 26988 26990 26992 200 0.18075929582118988
dihedral 27003 27002 27004 27006 200 5.847944736480713
dihedral 27022 27021 27023 27025 200 -0.6703411340713501
dihedral 27041 27040 27042 27044 200 -1.504249095916748
dihedral 27051 27050 27052 27054 200 0.8155326843261719
dihedral 27065 27064 27066 27068 200 3.6187937259674072
dihedral 27084 27083 27085 27087 200 3.6350927352905273
dihedral 27104 27103 27105 27107 200 2.313915252685547
dihedral 27121 27120 27122 27126 200 -6.491207599639893
dihedral 27135 27134 27136 27138 200 -5.701309680938721
dihedral 27154 27153 27155 27157 200 -8.200965881347656
dihedral 27168 27167 27169 27171 200 0.8182747960090637
dihedral 27188 27187 27189 27191 200 2.548903226852417
dihedral 27207 27206 27208 27210 200 -0.24550670385360718
dihedral 27217 27216 27218 27220 200 -0.8180749416351318
dihedral 27224 27223 27225 27227 200 -1.2649469375610352
dihedral 27243 27242 27244 27246 200 1.8838201761245728
dihedral 27264 27263 27265 27267 200 -11.018011093139648
dihedral 27271 27270 27272 27274 200 -7.869986534118652
dihedral 27288 27287 27289 27291 200 4.211539268493652
dihedral 27302 27301 27303 27305 200 1.1864193677902222
dihedral 27322 27321 27323 27325 200 0.7912933230400085
dihedral 27337 27336 27338 27340 200 2.983827829360962
dihedral 27358 27357 27359 27361 200 -0.48087188601493835
dihedral 27375 27374 27376 27380 200 -3.9121322631835938
dihedral 27389 27388 27390 27392 200 3.178933620452881
dihedral 27404 27403 27405 27407 200 -1.3521604537963867
dihedral 27423 27422 27424 27426 200 -6.715487480163574
dihedral 27447 27446 27448 27450 200 -9.812018394470215
dihedral 27471 27470 27472 27474 200 6.492055416107178
dihedral 27493 27492 27494 27496 200 -3.6532671451568604
dihedral 27517 27516 27518 27520 200 -4.192183494567871
dihedral 27524 27523 27525 27527 200 1.1162021160125732
dihedral 27545 27544 27546 27550 200 9.221837043762207
dihedral 27559 27558 27560 27562 200 1.634198546409607
dihedral 27575 27574 27576 27578 200 1.3494185209274292
dihedral 27591 27590 27592 27594 200 -0.8240953087806702
dihedral 27610 27609 27611 27613 200 0.8271183371543884
dihedral 27620 27619 27621 27623 200 5.823153972625732
dihedral 27636 27635 27637 27639 200 2.114337682723999
dihedral 27653 27652 27654 27656 200 1.3631635904312134
dihedral 27660 27659 27661 27663 200 4.27297830581665
dihedral 27676 27675 27677 27679 200 2.559476137161255
dihedral 27695 27694 27696 27698 200 -3.6068115234375
dihedral 27705 27704 27706 27708 200 3.622293472290039
dihedral 27721 27720 27722 27724 200 6.963642597198486
dihedral 27740 27739 27741 27743 200 -6.205895900726318
dihedral 27757 27756 27758 27760 200 -4.489112377166748
dihedral 27773 27772 27774 27776 200 -6.546044826507568
dihedral 27789 27788 27790 27792 200 -3.6097428798675537
dihedral 27810 27809 27811 27813 200 -3.741283416748047
dihedral 27830 27829 27831 27833 200 9.505220413208008
dihedral 27852 27851 27853 27855 200 0.03694479539990425
