0.785720207926
0.308470956094
0.602891514403
0.636161356696
0.57380185121
0.478821777074
-0.0176054899379
0.58355605507
0.403776451952
0.587311202839
0.533956815188
0.40247579778
0.352268858642
0.578222976501
0.501181306296
0.462894590635
0.690281052651
0.638426626855
0.74840562744
0.887549495424
0.584376809421
0.753547389839
0.290386133368
0.796025076069
0.974552624434
0.435913519678
0.445048118888
0.632596124573
0.761255239093
0.734494837508
0.774578025433
0.674948890427
1.11992506419
0.704402006685
0.732640216441
0.32788006102
0.256948651242
0.436829854184
0.699271344609
0.74060483663
0.717570809389
0.404482685583
0.494523138717
0.799436588325
0.785390697894
0.596578692423
0.74840562744
0.555917806443
0.568830846264
0.664956864726
0.709048097965
0.350005955302
0.00759906063179
0.680128077797
0.661209111324
0.71981522364
0.746280372973
0.0259557333872
0.452105409025
0.710557938491
0.630187878335
0.636794414422
1.06892252397
0.944327464369
0.509760484135
0.670040106077
0.709456712582
0.638200461662
0.541882233584
0.879632182066
0.305730686589
1.06562553808
0.478092033634
0.354161980907
0.694702509302
0.548343034678
0.307873274041
0.268649863052
0.462894590635
0.744940529899
0.444268484846
0.382817953492
0.796306539484
0.364089610337
0.524764237784
0.409499790424
0.273908182557
0.55873675919
0.534905967036
0.230924129805
0.345267228438
0.0994985719122
0.359840462409
0.459873077514
0.328343249768
0.56639671558
0.823364429774
1.03844561074
0.433650968705
0.479893570843
0.694404623544
-0.0314759501017
0.622553072202
0.359840462409
0.686074857371
0.699361329681
1.04741571503
0.113385572165
0.359388778921
0.285513067259
0.403776451952
0.621084587165
0.805174245118
0.23788822593
0.285513067259
0.236587493782
0.217054243499
0.402662583756
0.59981359093
0.250618989115
0.410349274117
-0.0367069501775
0.494250599077
0.777142409941
0.844839697196
0.332570249538
0.370244299753
0.285513067259
0.311901096205
0.303717208705
0.294837024039
0.108681300387
0.187597910388
0.18714667276
0.561800924674
0.921135427063
0.592892902879
0.254382009174
0.704822405882
0.445048118888
0.311901096205
0.297932425866
0.289591858572
0.314645473894
0.491899342484
0.206253099594
0.496999138379
0.494523138717
0.483362382873
0.239195227293
0.470049944353
0.519948289836
0.134869946923
0.0932357466866
0.30671327252
0.715403608307
0.890840603269
0.563310232751
0.648893334679
0.553866442228
0.755396572026
0.239460349067
-0.0367069501775
0.353486907971
0.0554956923184
0.24421340548
0.101952096827
0.19285691971
0.403776451952
0.494523138717
0.6255277896
0.403776451952
0.285513067259
0.50778445775
0.38679230516
-0.043905764033
0.519350409258
0.285513067259
0.352428431679
0.831386508543
0.677746983997
0.92921525526
0.577993735363
0.807932018945
0.396215164191
0.59808409536
0.166116693678
0.414775247872
0.568830846264
0.545534483062
0.681193693117
0.273298604488
0.522177607629
0.00477883786903
0.33957055978
0.840406260157
0.52062958816
-0.0367069501775
0.346228164591
0.520437120925
0.82979814551
0.35345541303
0.42275576864
0.418091322913
-0.0177591860017
0.929940155917
0.783469231134
0.077306997202
0.108681300387
0.178813145795
0.512100211592
0.524281450802
0.38347145558
0.623802192411
0.389181777787
0.487371371337
0.420164124201
0.00548905275653
0.195648701827
-0.00834824013459
0.343094419004
0.80686558293
0.66591465162
0.00231692215068
0.403776451952
-0.17999680568
0.269739893846
0.508626421586
0.358322720412
0.285513067259
0.571026134518
1.00714813321
1.00714813321
0.346083289961
0.285513067259
0.092520020302
0.355425074794
1.05642191595
0.694402916474
0.618235575298
0.833651507243
0.4590208518
0.379705848864
0.511860035627
0.124184532229
0.616381791289
0.258580375849
0.599784868423
0.30208159562
0.494523138717
0.367069501775
0.59342776646
0.208939623334
0.478092033634
0.398532601927
0.494523138717
0.259557333872
0.62939308564
0.480706909471
0.501562165731
0.294164978388
0.65944655853
0.615348328316
0.528356499354
0.315296437317
0.601820949016
0.511116589308
0.504665997605
0.285513067259
0.517500668601
0.494523138717
0.531206804724
0.591545819229
0.802885407659
0.68963303136
0.890141649691
0.273826861934
0.561091952713
0.114910930181
0.285513067259
0.862054643193
0.134869946923
0.159794674668
0.451275874197
0.683888394144
0.169359781768
-0.0656633886748
0.0971174615572
0.359388778921
0.0328316943374
0.0865049054941
0.759116963087
0.421834919348
0.884401385722
0.576356708599
0.370080081208
0.359840462409
0.415383706313
0.506392398051
0.337045545964
0.735317923219
0.397106431537
0.278650601994
0.332410878925
0.560558463399
0.867467931624
0.494523138717
0.247728110964
0.285513067259
0.493158934356
0.61909896733
0.494523138717
0.235856692353
0.636256571317
0.590303666524
0.403776451952
0.519948289836
0.163239054427
0.207354243152
0.530865683864
0.543782097339
0.496189655674
0.587154530586
0.938291684401
0.38146981619
0.682393952291
0.319100230831
0.795389026762
0.546870383054
0.406201218868
0.60095718318
0.494523138717
0.424671418818
0.957518588598
0.634748603779
0.632858218375
0.787986225301
0.752594209428
0.499813429816
0.581857198321
0.562374223389
0.660281633715
0.922839228375
0.625543550533
0.700753466767
0.45203949481
0.729328897376
0.310411950246
0.587854044291
0.158374154433
0.360168033869
0.559737440577
0.403776451952
0.349416432275
0.362992017484
0.314759501017
0.503542366369
0.346249967438
0.071011727107
0.723946852338
0.774708190594
0.541722956567
0.968737314327
0.585984371403
0.216485781546
0.389180359785
0.607386345242
0.490768691694
0.382266561415
0.532713064912
0.953080958255
0.421730749716
0.445451607746
0.0652650226806
0.670394570092
0.183534750887
0.624589145003
0.76655365747
0.468318245994
0.584738265405
0.335803802573
0.725965536752
0.361593199111
0.637343629253
0.527137904689
0.285513067259
0.310414757689
0.503542366369
0.571026134518
0.522914983809
0.396080324456
0.397627700451
0.87921145476
1.07231141971
0.75656193791
0.876581607852
0.51398478227
0.87533688699
0.939188639473
0.473505429575
0.351324563767
0.655351328137
0.599784868423
0.736669909136
0.494523138717
0.285494189738
0.587854044291
1.04639536716
0.999156263171
0.245274049173
0.577993735363
0.712360229344
0.57362274415
0.463389233486
0.889612438603
0.456692738286
0.236833630457
0.637924924479
0.248812055105
0.656205039651
0.579120157407
0.525307109398
0.759418210153
0.609827471001
0.699361329681
0.238900745903
0.405374146944
0.231585716958
0.161183600236
0.699361329681
0.522735840365
0.804861136838
0.728157929263
0.571026134518
0.556023020772
0.630187878335
0.812249543784
0.722297275423
0.658802989731
0.85874876284
0.904869766868
0.163368439554
0.478491782957
0.658802989731
0.659976084014
0.648893334679
0.460466271897
0.62939308564
0.796763943997
0.359840462409
0.591788127377
0.164079732308
0.602473036556
1.57676765027
1.12218579034
1.26622538385
1.16973001936
1.17808514827
1.15476554859
0.880627661413
1.27562953591
1.22702973877
1.12457539524
0.989046277434
0.902871594279
0.696038664413
1.06829207713
1.46384429338
0.93863510063
1.20673191586
0.93334009279
0.988071031237
1.28271333136
0.962072288049
1.03371960688
0.917425700978
1.0754425232
1.17448683241
1.40971119126
1.34869946923
1.2275519908
1.34185669208
0.953674540474
0.505860385265
0.834815451117
0.833827837952
0.870039899941
1.01990614009
0.9331508702
0.651162730498
0.423943645324
0.869379428982
0.806481197604
1.11427444736
0.81279675393
1.03400292641
1.12780573709
1.29063649163
1.36564857545
1.08477959733
1.20965056371
1.06749366329
0.958137100008
1.49915534305
1.16479756134
0.940377625661
1.11627760747
0.670594567973
1.21227887104
1.1934557982
0.580387842596
1.00938027695
1.27429587536
0.947847964712
1.15424566434
1.22138828159
0.934447211948
1.18146147868
0.646524815509
0.64842869731
0.626586129044
0.810945866002
0.759116963087
1.00908353131
1.07231086633
0.961846351771
0.95786630595
1.01264672864
0.743189365019
0.998545140233
1.19580357166
1.49879024081
1.2591096296
1.00841747544
1.01223867028
0.754988144949
0.494523138717
0.749482520267
0.752716268228
1.07181718081
0.894360196253
0.90430152643
1.3041638514
0.761537672856
0.884896270005
1.2304222263
0.530184455786
0.311901096205
0.660725103194
0.775017262208
1.09969481594
0.704335326576
0.591431616205
0.901063254703
1.01983601178
1.12982505435
1.05835361004
1.15188063287
1.1499795764
1.01440364685
1.21095515008
0.954380704614
0.951662447389
1.31267807943
1.08178682778
1.15574289264
1.19418941651
1.15165198395
0.665160793903
1.03558512332
1.00983257276
0.829958649471
0.85666019898
0.802327664788
0.903338111471
0.719844541095
0.869172469103
1.03519106398
0.920139817561
0.984009132076
0.571026134518
0.897817699837
1.10661174534
0.919287441447
0.998429044827
1.09603992329
1.48904776036
0.505374368223
0.899305873051
0.943579778216
0.5919202974
1.1379154555
0.750757449918
0.738462515863
0.84002978544
0.525307109398
0.393416568141
1.14717008076
1.21235135003
0.575577294225
0.724708500999
0.974091918918
0.890992932484
1.10181071113
0.985048538652
1.56974768644
1.46092592162
0.72926913131
0.881878531274
0.851399185871
0.579120157407
1.09562088702
1.0525578947
1.04981877508
1.02223317862
0.725965536752
0.555752526878
0.862631078964
0.642478979296
0.954283333731
1.26286736229
1.24803630603
1.00337538807
1.33896225051
1.18875577025
1.14054797705
0.858307086427
0.942349579697
0.648893334679
1.27640092332
1.26562533909
0.79206911932
0.662688629375
0.852350102845
0.453114173549
1.07390218478
1.04867704179
1.0855604345
0.699361329681
1.04857858708
1.16646612053
0.743893311288
0.575087385976
1.15650025378
0.624018153017
1.01273032739
0.669934116528
0.755396572026
0.816975685094
1.16281685574
0.814920947171
1.2095917868
1.17928346177
0.876668449581
0.849461373779
0.953674540474
0.769024017033
0.639555222435
0.885739593522
1.14156388353
1.219654942
0.880262167604
0.947847964712
0.695019061927
0.647640142114
0.694237026122
0.684857654263
1.41816750379
1.23330130855
0.645696613237
0.855310554912
0.830583468389
0.827266356797
0.519948289836
0.519948289836
0.917673754437
0.882494935163
1.49941253811
1.14190302087
1.41638135069
1.01809905651
1.05444061435
1.21532444929
0.923720701668
1.11580905972
1.05628841436
0.942870339539
0.655272729578
1.01040586314
0.581084864901
0.850536343224
1.14760370242
0.985689756825
0.692765781136
0.872620703223
0.950611862304
1.06418506887
0.759116963087
0.745586226935
1.18930771377
0.946619238643
1.30002676194
1.47355537592
0.926852225926
0.708486723492
1.03976420261
1.17316156176
0.872667558239
0.7966498056
0.67565050324
0.856907135652
0.713782668147
0.919268221504
0.571026134518
0.784411753844
0.343362078194
0.656003768493
1.22921689096
1.13908646078
0.960116999426
0.914089264536
0.874337390365
1.0253664561
1.3312149183
1.51247701768
1.21156375806
0.954889306003
0.734139003549
0.615832422159
0.724201815272
0.815616774615
0.73136088423
0.908304820684
1.10052309562
0.731223189309
0.823878748619
0.460441582391
0.728048137077
0.790187476393
0.639982640086
1.06078032957
1.34025599643
1.39981906505
1.28427929339
0.943251554945
0.929227732273
0.759418210153
0.72034845305
0.899563312506
0.735317923219
0.652175692033
1.02392053304
1.23217865735
1.51299346847
1.21132105484
0.820703619329
0.892512904486
0.766324824093
0.904997883557
1.2306872438
1.05553315774
0.672875859418
0.694132386576
0.770020090486
0.285513067259
0.704776470795
1.02659218598
0.645861064321
0.795060601195
1.293627086
1.1906717985
1.15041641434
1.36923932374
0.96172209465
0.947260205934
1.01936513935
1.06670263416
0.75198624551
1.34570555172
0.982081404367
0.914089264536
1.22185526869
0.899132979486
0.835190973576
0.975362885225
1.19396373581
0.638426626855
